-3.4833593328737305
129.22093522577956
257.8986367519823
511.8739343656662
758.2640422344566
1009.8434359014435
1259.900763212699
1499.0082770773852
1742.8556574822624
1989.4868603322489
2249.766708484092
2516.8139801847765
2792.4757406214035
3055.304418953236
3315.1531597339663
3574.5138141734697
3825.435132085869
4084.844174866618
4339.514412973053
4589.168359371079
4825.431930099611
5069.11406413222
5324.016623049654
5512.05193710859
5632.893814085758
5861.480648727574
6076.306387195887
6244.457675539834
6376.583776468759
6549.824404150804
6709.356957844481
6933.107041170628
7159.180761587904
7400.561707750497
7661.158900584343
7942.698567583107
8156.07517548788
8247.622397343832
8312.03145311783
8466.29554394507
8648.0738630649
8824.817204799512
8849.629741914108
8935.448311591072
9017.113097308724
9165.102345370076
9304.1275771803
9354.65556065408
9602.70687527418
9856.046082514635
10082.961895822176
10207.52980968026
10275.0279227322
10416.090416207553
10600.086950688894
10817.087021710384
11053.737947865013
11290.872963239077
11499.399625026743
11541.331916125915
11548.288517597162
11610.680975430634
11673.085922413367
11763.605850281083
11955.215464274424
12182.625815774645
12405.09379550107
12633.18990071963
12878.325993135399
13140.94517687858
13414.265871391388
13684.870364813287
13948.005454273629
14088.074540492078
14228.623771667613
14493.278759118659
14738.878145458473
14930.60354376246
15109.100250467876
15217.86853076077
15358.055169233448
15547.13623074315
15677.670107401325
15914.521020206557
16160.237700423688
16405.873437464386
16667.514691172088
16942.503040536772
17206.039059054474
17453.694840988977
17692.857446420418
17941.660597850987
18072.666671434323
18219.50901705187
18467.241998297253
18709.994055742533
18947.18218817653
19162.452788169132
19253.39023277624
19377.427694444945
19457.945432770062
19616.48480807628
19812.144047546994
19924.451239034584
20027.74297934266
20092.57560177221
20278.215328514372
20499.767593272092
20707.664826723394
20852.176092166505
21053.591724846814
21162.20118403301
21285.995066919364
21369.70954290437
21469.273161995323
21686.828370751624
21940.002480347175
22191.064365569928
22416.665096011606
22638.261900449204
22743.059346162077
22807.8368630119
22836.74435756677
23012.9610374664
23259.689800658998
23421.982668267203
23576.860705757943
23675.570897805123
23706.295286133
23766.483707750678
23930.524279249978
24155.704597599757
24398.7700212585
24656.100596856104
24905.929715630005
25148.23853862701
25264.356742028773
25365.92835695314
25432.331076523886
25467.441156046443
25516.83465369501
25665.806782794734
25785.06233064726
25794.413959429497
25801.19796762944
25904.157037083918
26127.28729718422
26382.84520708262
26658.680844975028
26943.659022586246
27189.92414966017
27350.877917723086
27490.76613958404
27570.094470116204
27624.127832535854
27654.52178970197
27748.94115125538
27757.229343039064
27771.095738419514
27838.05237068116
27912.269714611622
27980.500134374277
28205.506745660354
28443.128627471746
28644.886094653182
28734.68423958013
28814.504603596626
28865.644979115317
28879.12110898916
28900.72567698556
28898.754461198787
28896.9094114954
28916.384725147323
28921.01451767765
28914.05616571691
28929.011680242453
28946.305747860624
28945.717548545585
28969.650172544403
29034.571652580205
29097.92274696068
29210.086347501525
29395.037968838697
29513.21701929302
29626.094768864372
29751.256831439896
29768.92706192894
29768.489230059058
29767.352157517267
29825.4270484636
29917.885659549396
29979.073485606623
30027.457448113833
30085.576029876644
30137.969040845786
30320.591192912707
30474.145314873254
30508.346855222982
30556.75814798688
30594.75613701222
