-3.484890597543922
140.9079210095362
401.0888010015932
639.7289727666674
893.3522679276929
1116.9843512525954
1378.3683740799877
1656.3752490719764
1901.937152648253
2155.86323060295
2432.234816814147
2710.9199074945286
3006.2762318038617
3285.6089908845015
3395.9978325834904
3666.9122095338016
3943.8400509555895
4227.979818284278
4464.98660404675
4732.1359297242
5000.58865725059
5229.98770181073
5484.116964324638
5774.913722143647
6061.221380061944
6307.436690947615
6459.104612742742
6610.411403276783
6802.631116198541
6987.914986508254
7154.115571533186
7251.461231483736
7430.315382813765
7621.630175178424
7879.064469969312
8109.8782147308975
8324.504046620565
8544.23296056302
8805.955309425457
9017.078949559125
9094.583530743554
9285.456571838748
9392.953347849814
9411.670413789861
9508.30999915216
9688.155239410651
9776.514877173815
9999.489190003875
10254.89407355194
10504.354876055042
10777.859337594162
11060.023593152071
11354.60549102716
11648.207602618053
11933.824417998156
12136.861313031763
12349.605559549082
12534.454523871545
12780.71263322997
13048.47782253905
13324.335020450193
13611.754020368991
13770.229641528673
14052.513389831722
14294.286635065644
14476.609510197639
14662.802376967105
14875.651999784277
15083.721576679243
15344.345020567964
15564.548721939147
15794.251792346207
15881.552254805652
15967.410886269869
16002.69975332316
16148.957937172485
16329.626561005713
16508.593481633015
16778.68770491823
17063.86082828038
17323.55713150749
17598.027397738275
17876.519531212743
18156.20196490337
18444.588843620906
18730.701698550034
19013.997793780145
19298.36689637972
19574.803132488392
19829.91848426873
20033.5168240247
20163.810985335764
20319.019821277838
20506.78382853706
20607.817389509408
20720.119131830743
20920.16189033703
21151.609873550326
21333.92827485869
21453.981512870792
21594.180854679274
21805.66045182944
22044.445763723248
22260.500433905807
22397.95921227872
22408.108346240202
22420.904363051035
22471.386662165976
22552.703185365193
22703.801159769457
22870.299039384776
23007.735268399945
23173.242648416817
23256.281036735112
23359.20279882602
23470.8732094279
23549.181442829016
23670.248670176967
23775.988409666028
23824.797275099554
23822.69124225154
23820.591258996013
23844.744234439175
23870.982907628688
23913.959719412156
23945.31379900012
23978.71278272797
24012.536555382932
24043.96371119234
24081.774084243007
24126.056928710812
24140.48432408914
24165.063121742925
24197.34080383533
24215.407142658587
24209.892782593426
24200.964779968228
24210.075746607363
24231.07475560316
24259.04533787125
24276.404819828225
24294.95236172949
24308.410316095968
24334.05948055753
24350.711849558684
24390.711190926548
24410.68372109863
24430.427173984754
24462.609770624673
24482.030110427437
24477.978152607753
24469.59154502395
24473.973619411692
24489.85161843515
24514.37234541816
24529.62302945378
24536.416131535752
24543.764624008832
24560.514521712375
24573.60316602512
24597.273427978973
24617.963050557773
24629.940502307218
24658.64173771393
24678.21644289655
24674.137896826647
24666.122682032117
24666.884820238494
24678.248488745987
24699.32676868267
24713.71026889261
24710.534619083366
24712.8564678536
24719.482167478407
24732.652169387035
24755.064528152434
24773.76605546164
24781.64672874294
24804.702199309748
24825.160806537868
24823.49054676009
24815.7163409041
24811.974605424664
24817.069477997207
24835.446086347496
24850.935907615687
24846.29312315939
24843.157943148108
24846.1917511714
24850.04059892715
24863.436849669706
24880.07633690802
24883.717473599485
24891.183718097534
24903.9450454809
24902.77458090721
24884.806253909544
24868.676710525055
24866.29610621576
24880.996387829182
