62.58963075050947
62.589204314252584
62.588718271265954
62.59680494069858
62.40418631539862
62.66520722440946
62.178783718302014
62.17859368464503
62.21762355144744
62.23253030678338
62.292750505257565
62.40206361293407
62.676671851740885
62.84496857575602
62.80670236322226
62.839897949225836
62.783011254013644
62.75558360787365
62.73424291800741
62.612505825616374
62.580824823615366
61.99159321737434
60.20672482619716
59.98778342615144
59.97238830225219
59.96392186002121
59.948643490291786
59.96969098449699
59.995067026867375
59.7980864529302
59.93072684324213
59.84084219553727
59.832526300859485
59.69744585301831
59.52771218073248
59.52616285483921
59.524306871966
59.45017155436634
59.44810729999426
59.53327269163017
59.502178078764054
59.48619783932297
59.55571806254681
59.55741776878393
59.50166265577047
59.663787389516344
59.170391490103
57.92837550809534
57.671195723859135
57.62940710930463
57.67871020025886
57.75624126055228
58.11625433830216
58.03967838932363
57.9135763228799
57.89474204827107
57.67583756170776
57.447421262784694
57.36519692798881
57.36465399025166
57.36625540444123
57.36038827112698
57.071945884525505
57.01331307287442
57.02819989046675
57.026560164720806
56.91355050901473
56.916367877303884
56.69311349339059
54.13160793913763
53.9650404826187
53.97853136233045
54.00537495377612
54.0033782152667
54.12860347446681
54.094962103120416
53.80505958274502
53.17234370176523
51.735593351651715
51.77339734237771
51.00543580595608
51.061933535774294
51.296129778304596
51.419718609496734
51.50415011969891
51.55655867268078
51.5178258850215
52.0657085727188
52.07515259280554
51.91617667119857
51.92960707625453
51.93864279147284
51.92823290772404
51.932330344189886
51.93072689500139
51.93106730968601
51.930893122454705
51.93418755398774
52.052435419328525
51.94897215033403
51.92553670261226
51.805463996639
51.72555597954104
51.6679778137255
51.68321160145003
51.72148448990889
51.728376019993085
51.64422547561331
51.65146908652825
51.65831610885938
51.69076979231235
51.69671138171154
51.6996843468221
51.70490867934184
51.7213895771505
51.710186439492574
51.65804892816748
51.633019900327305
51.55592420727554
51.549069838179456
51.54377138246169
51.53871881765868
51.558167400262526
51.44528494535114
51.43652230251953
51.43758461461437
51.44071278659548
51.439829773842035
51.442865860294795
51.438223188312534
51.42901602804789
51.419935039822285
51.4182230182881
51.41758090307991
51.417043010052396
51.40820304247119
51.408108237531216
51.4072894844974
51.40466428170949
51.396518162205105
51.396104317389785
51.394865527095156
51.39518968578293
51.39523985321144
51.395380063154626
51.39584126809764
51.39685102788258
51.39524518590571
51.394660249399585
51.39468951898945
51.39478628897223
51.3900814093127
51.38999397468618
51.38887113021603
51.38753131864012
51.387254829054726
51.38991464689031
51.38915817789386
51.38923840299451
51.38919758837232
51.38920025715417
51.38913489006165
51.387761332668454
51.38739409859143
51.38720502076772
51.38684181061746
51.387112800990984
51.38759471550061
51.37548954518641
51.37224824896643
51.36972267073306
51.36776831651806
51.36545535033254
51.3442474909099
51.34359426847939
51.34378318480001
51.34378708041326
51.343566331221865
51.34342544185347
51.3461235522813
51.3475804441927
51.34747984931735
51.34749729551996
51.34731482125589
51.34723646382829
51.3471469103242
51.34687517676664
51.3466522029361
51.346164597518325
51.34659080646235
51.342738549996355
51.34269206367471
51.34270089903219
51.34278092880104
51.34283650102296
51.34264380476487
51.34858553829392
51.35171615740739
51.35192321375017
51.35206152531877
