8.701441696521114
165.1874831526962
446.8976373217421
706.7482924813227
972.9449821542017
1210.3194389287273
1482.394806786997
1763.9976750546523
2019.3508676684662
2274.7529484117003
2553.7731845515136
2835.816951156744
3128.574105310325
3417.681658016057
3542.6503183898935
3813.8328921436373
4064.7002328509484
4338.513945459319
4592.582063422955
4871.777194589991
5153.443995740883
5408.107973601558
5672.451653863739
5952.070945691127
6234.41061140868
6484.00197945333
6645.81534381504
6812.278200869447
7033.438453342939
7244.8729654195
7423.7847688236925
7527.247775359165
7702.928642781561
7880.876272661687
8143.029157350688
8393.101426800422
8616.210780925529
8825.619233097092
9075.053838279298
9284.151343868583
9368.157740557392
9581.853000486773
9723.37448527321
9769.759604015911
9869.750224719164
10039.73967537269
10113.313319140356
10330.265254931734
10598.718334386967
10852.443327229423
11116.649068405217
11397.567376245514
11692.09233579546
11982.077933925228
12266.565517942952
12478.851566104673
12701.055655884618
12877.68616991241
13133.292211600714
13409.41862953362
13692.365200813132
13973.418698831658
14122.378786523917
14402.808583875052
14668.82305814926
14881.215677354816
15073.061148358585
15275.346609549391
15478.005466235863
15729.05499087542
15949.213020855886
16182.202328390225
16273.564386342094
16368.8102592737
16402.17365978458
16557.56081157619
16733.865066777475
16887.523457852407
17128.748249742555
17400.2517799368
17671.81240547654
17949.266792814957
18231.16383964323
18514.107140998643
18797.06099166414
19079.912979056495
19362.63175855199
19644.320356615986
19921.2325115756
20180.00637553374
20402.12142192117
20558.005798443908
20720.475967960043
20901.098688898808
21009.7041311204
21144.30526323874
21358.146326432296
21597.837231705464
21782.555306516428
21898.626613258217
22037.67457900724
22258.103661826633
22497.203936725633
22713.602829842876
22870.139419284755
22909.121494746898
22939.54718108321
22991.05380503797
23060.552897003305
23212.316858801245
23396.509685696674
23547.655615313517
23722.313628988875
23812.895713963575
23915.245341808743
24020.374052083596
24102.850293908105
24223.704110207713
24325.69075880997
24385.91339588029
24409.501359366863
24429.074706357147
24461.89365592472
24478.465199415212
24515.833770638612
24561.415989201058
24610.839833293187
24653.689051221783
24693.615341022487
24730.990810943855
24767.939936387178
24785.286507959292
24811.88765394417
24839.21512011468
24864.608504756834
24882.965389012625
24897.886152424082
24918.648993702875
24932.802603632692
24951.94042155787
24980.07849188141
25016.127533713385
25039.00669661585
25073.725712581825
25091.14076801286
25123.50872270487
25143.798702213466
25166.731896376194
25193.864215287173
25216.57525743888
25233.10015592355
25249.902864301388
25269.111329545387
25281.991839069593
25295.41950580951
25317.577948571292
25342.700085364053
25360.706451287228
25386.739022226346
25401.784261285928
25417.9327534149
25437.14504565264
25452.742140756585
25476.999742494205
25496.66013884466
25509.295932935176
25526.652648970616
25545.046317553286
25558.38290560139
25567.315504634837
25583.920641380162
25598.92208446467
25613.9641793153
25629.784046143388
25646.558413217022
25661.83491334242
25677.057220530878
25688.769804466523
25708.65638275521
25726.813440468977
25737.94559993445
25754.547014376327
25770.310933906236
25783.101272851483
25790.5548127283
25802.930256381274
25814.423707078637
25826.38089412372
25838.39450625632
25850.383947297647
25863.087472682924
25873.169939904656
25881.05979182369
25889.45836097196
25897.777610870966
25906.103816177194
25913.013866606892
25919.423111461656
25927.202439343546
25933.297014780677
