8.644104010986716
164.5949751276499
464.8732775680727
760.8765669845338
1057.3691030167984
1313.2025458230867
1602.99526481585
1854.0501846618836
2143.347436530552
2396.325206546684
2684.839010586302
2935.0937849512943
3201.6656083693583
3492.3091639224485
3782.8097172473017
4075.2410787886083
4370.8658890513125
4667.633126243204
4924.636572003907
5214.372321516291
5465.480879993044
5754.891342424871
6007.547060763882
6296.248341432046
6547.615237175684
6836.186832525585
7086.012221387297
7375.915773432529
7629.7830976200785
7868.288393512891
8081.829330106155
8300.01898518514
8531.89378126949
8775.696873722043
9017.681323227236
9209.409262470639
9410.878529073034
9647.964224895115
9934.746111774994
10186.41168273948
10474.397385069402
10723.713242256275
11011.604563860335
11305.488319158421
11601.917897545563
11855.976544877576
12145.259191370156
12440.44632505599
12737.134514154699
13029.69250208159
13321.780739995042
13481.654375605229
13561.859728058846
13714.19289645176
14013.903418537033
14308.958957018715
14592.615489389766
14725.920071308441
14895.859470716958
15080.212833386646
15295.603204110594
15570.974243799894
15735.403220534507
15872.09957827268
15989.756916671979
16145.222174987874
16435.304380370646
16731.29896627675
17027.811607133768
17324.368688887967
17617.00876117507
17910.159923050327
18202.825610402466
18495.65734518526
18652.412353263713
18809.268715664883
18966.11721945985
19258.130201582193
19415.145736891496
19584.292010577818
19741.601436193323
19881.381200727483
19988.485847076656
20149.891421828128
20446.7234982956
20743.60841864725
21040.785335358734
21338.071283975158
21635.417289551253
21940.507638783023
22236.4000027099
22533.314401168907
22837.737037654973
23133.938011072118
23421.720208515235
23558.665335343874
23857.118430237133
24001.176414099213
24294.80416252622
24583.465459001163
24863.822862871006
25123.09434212838
25366.66149084862
25594.7733440391
25785.105750099214
25996.191534831232
26228.16917299586
26425.87707033023
26643.007245314122
26878.23503376791
27097.733816611075
27248.145463637073
27399.38489043038
27509.414028630134
27623.741374867946
27815.929325610545
27995.954154838393
28137.15811338252
28240.608668125533
28322.544273910265
28422.61935894537
28541.430156423514
28631.647752846377
28674.659459490333
28735.662636909427
28840.08728403676
28961.810346098773
29046.924230554596
29121.86027871755
29186.055530182406
29264.146787480917
29314.420838745154
29357.645786983718
29421.66170209009
29477.61969639819
29522.15114000629
29554.349712294887
29579.099121880572
29614.27632864037
29653.931328888364
29685.3583023105
29711.608283980182
29763.439857709887
29811.97774663494
29864.054826851177
29914.63534507525
29964.293089180715
29999.249215727377
30026.694301908134
30054.506322429632
30075.83058732511
30094.16739900118
30115.995504318707
30145.138686756953
30166.814853600987
30188.248347198147
30202.542958667687
30214.913150636192
30233.920607202777
30256.51322691818
30275.66437248912
30327.22793769379
30356.30379533621
30376.637247408322
30403.723705080036
30455.26857793714
30512.444305684614
30551.465156678198
30575.118019117646
30598.02668118089
30612.79626670821
30637.038588516978
30661.48017741304
30682.701427301974
30706.584547810977
30740.50244117611
30769.226576286987
30789.51905474264
30825.77530233034
30850.843461736906
30866.293092405824
30880.562949398773
30894.903459378624
30914.42361482927
30928.93973620989
30943.721714032785
30964.27932725889
30977.691451488263
30995.522960687063
31012.631730516554
31025.118477717868
31036.16424176274
31048.55748529787
31060.905450634356
31073.19728178865
31114.899462572637
31151.99190807024
31169.822936206765
31182.576337220376
31195.324931355193
