37.95207430015059
68.45016680113488
86.79165119207595
91.5026509293329
113.83898399505442
131.9022217150232
131.75064146968464
137.04092068282299
146.76066394309817
155.36461671093085
163.77004303312614
182.67609190654588
230.6541938579449
293.88910781970213
314.1300516898593
289.9171607769802
273.9288343239942
270.40557984120886
291.95526765138254
292.6376522424422
299.74170493941836
341.20940285886843
388.93805110304766
434.53656607597514
461.80827404068356
457.02109690313847
421.140075849968
382.3907319359196
354.5848700137594
317.82328093394875
281.3435179186167
256.33308036019827
247.59800879036857
227.0657385184908
212.01952969847054
248.14921439095042
282.04585995560035
266.52715392904025
280.5078696358546
317.71181515722685
345.3141348743382
353.4353274304534
359.63803562789695
358.1140125677782
347.24695962645325
339.37002689050945
352.206501808831
376.02342156900096
382.4307276050158
387.5939762788595
413.93636529722903
425.9262370518049
434.3135828787053
434.7975026801662
421.405871977237
417.6600764052735
390.9464719661335
394.55810363612125
427.4850176597507
454.19601425357644
460.895131182519
455.7954447029459
446.0739489101534
441.53226574837726
431.62605130217804
417.3941186521805
386.4034147576734
372.2939722686243
386.10681626706366
417.01898086676863
436.18836179443565
423.49478237224827
403.02732400279274
377.5734500083972
360.6917880859515
353.17636602615187
346.2608286990193
327.0450303984226
327.00623158887447
321.42921467910423
333.58067709740783
348.3859676667502
363.25928879507535
386.4493427691467
392.7300292301956
385.5103022339559
397.22113093567685
422.7864572676512
423.9805324726182
391.20516358866905
369.693623721075
391.29412344583073
386.63697234655575
373.5774015503991
391.94954785229316
397.9393321622554
398.23517509243976
400.91032276140663
398.0636717668722
381.67747580840404
381.17540455564773
414.39877381803217
431.91486040473
420.621979373844
374.6869504183887
330.1571610394929
320.8711007487779
343.9225039805428
361.6895069523582
336.513412140638
327.3848750544224
332.6819471897886
329.57904523596414
338.9269752640028
339.44346448493286
322.47722592166605
306.83891495822894
340.97107287066916
372.27135647129927
378.99517718545945
358.9211776726026
309.75296027862703
268.73375407389034
263.36080520423934
288.29414601794997
292.1553953200849
263.56117168604027
265.43849148368633
265.13592130215636
261.3436830409318
258.5453911162215
248.24612655789534
227.9624937861601
236.56309694584618
277.9304050980027
299.4213969480225
299.14896582791556
265.7646120928033
214.16118879194025
188.87584250040504
205.0159938882015
221.400074054829
193.93656927426335
184.500384265968
195.89157409960407
195.27153845069995
189.7018345992647
180.86597937175458
161.7342288662615
151.7081078774405
188.14251651426645
221.90453029401976
232.57886507548298
220.1148224003279
174.50572354307607
127.49269392962208
114.15816178489874
136.27668325053588
144.18719830651807
113.46567105730259
111.20327585859248
117.04964515804625
114.11061114598972
106.88348115834185
92.37559909856753
67.5383006255436
76.78654484791439
120.78243086098581
146.98827045183148
151.05788013729685
125.11217911258629
73.18447949150294
36.45432491647354
36.647625360854356
59.88160901650993
45.21217665686727
19.790020318487493
25.915974445204775
29.120560138349294
23.05643547621129
13.734703038921893
-6.475362704350545
-22.6362424311835
7.817719532822334
47.313743247694234
62.88201487243933
57.64212878094206
17.83440011498726
-33.128707614510695
-56.251084560952876
-41.75836306468845
-23.354213970914017
-49.202158178749066
-63.643628035361225
-56.95214812421615
-58.05603824603088
-65.22165972119146
-77.63520139894771
-100.54520707797249
-97.291334057642
