-24.37266458813007
-48.559124286319985
-91.61767264029777
-134.03863942931048
-159.18542845301778
-186.67017535226353
-208.05286541401819
-215.2448519653513
-234.82743004042592
-237.77943561749998
-243.07673547473215
-249.79408732442963
-244.59574701292576
-264.14533426311
-293.3049716128047
-293.8413652196696
-241.72036379071565
-221.06825435007968
-255.1909187524074
-279.28252973158015
-305.71067698058386
-356.24054358165245
-376.6693790781985
-354.3144470949558
-346.37846269346693
-353.13057701142543
-373.421462144592
-403.7335951853221
-461.61467428879007
-513.9159578224877
-539.3383945810061
-551.5730877508507
-545.226519935586
-518.4921949665193
-527.9293747627463
-566.4464241390444
-583.4134686099248
-562.7725450681386
-538.1970577076797
-534.1447886189125
-547.1484196276708
-592.7928572960449
-660.8422748467872
-716.1783804520933
-722.8804511340026
-703.1688719240695
-673.5968839330744
-661.5521298557097
-687.6485216700454
-696.1769023487539
-677.579461622101
-675.0875661868746
-674.9736895365907
-667.7406626143394
-665.4821998895825
-683.9805061458086
-702.9001926710603
-686.4632920817138
-705.1591567414736
-721.8816139891305
-736.0603607258665
-723.3293569253228
-704.2982899904778
-700.5903880866484
-749.0728461672211
-809.212334314341
-820.5175427829463
-799.3892195302167
-788.5677791132274
-769.4199406148994
-769.3285978334637
-775.9010720880202
-784.024263072867
-802.798746007647
-798.9478129228233
-817.205748807392
-808.4770115435049
-757.8599524387611
-700.1210896486292
-672.7819033128193
-696.5105479380805
-702.4787901533416
-709.2886168609531
-715.8103521905248
-704.9442960864466
-698.4225610128983
-697.2679295436684
-691.9069204725091
-692.8587581743924
-700.175782530001
-737.2091957929165
-788.3896262162718
-802.9122933643955
-788.6297207234819
-803.7734832219722
-848.3722628159794
-875.9688721905198
-892.454716310263
-897.2540633154667
-889.2902007748391
-886.987448655918
-904.886419994378
-905.5163460047659
-906.204791874135
-944.3604140120644
-1002.0262970133883
-1037.2856360643477
-1039.3342857439861
-1015.6994232762228
-1017.0313980635744
-1052.4212926237944
-1079.840693827141
-1098.1419611441167
-1113.229354456928
-1112.0850859654483
-1099.0016853113939
-1107.337702158179
-1106.9108800614945
-1099.4046982878917
-1122.232241561476
-1173.6202342306508
-1216.9668947222735
-1234.298842971094
-1214.9645835730557
-1203.7481024529213
-1232.204380401887
-1264.2541011304488
-1282.304991677717
-1299.3032596603095
-1298.4334534017096
-1283.7660153527486
-1289.6043677403222
-1293.6490644025018
-1283.7486325587117
-1298.4027241965075
-1346.1452128384078
-1393.8427449117173
-1417.1464941910297
-1403.4556960590703
-1385.7901673732472
-1407.3473441063782
-1442.3503439677963
-1461.1927610397727
-1479.3324640485998
-1480.857836908366
-1465.595063556661
-1466.2299622296803
-1472.6094447828905
-1462.5088893250074
-1469.0902940228925
-1510.244006631602
-1560.6226385548812
-1590.2754202673993
-1584.2804412688956
-1562.0943207827127
-1575.9098382350342
-1612.5679076566116
-1633.8836545568038
-1652.4490010279565
-1656.3621905216319
-1641.3186508718725
-1638.3639901897507
-1645.603276898751
-1636.7160095605627
-1636.8873918962308
-1670.3160722170694
-1721.059933877007
-1756.322994629594
-1760.268833710818
-1735.977471904349
-1740.4207449751204
-1776.7749307626211
-1802.2154229234134
-1820.603757329972
-1827.8124876599843
-1813.540770379977
-1806.5823301384794
-1814.2461514471743
-1807.9083668909345
-1803.3052678622284
-1828.9101063487265
-1877.6613469444628
-1916.672656963151
-1932.0635897085572
-1910.2174527616153
-1903.9886975311808
-1936.2611678384994
-1966.4459019512249
-1984.4055101698489
-2000.6866967409983
-1999.3012460264363
-1986.187205993271
-1994.6846364484084
-1996.5492857488478
-1987.6651307801294
-2006.6584705399678
-2056.415225394699
-2101.492801873204
-2121.8126662555733
-2104.601253902987
