82.16597795857055
82.66008894894307
83.12412434689709
81.78064871823616
78.8225761141079
79.54969523332646
79.0794775504282
78.09929033369299
77.41421985279527
77.05454297322689
76.9533095249777
76.23201206720815
75.39111776560401
75.15952117565921
74.70594198204675
74.65482571012366
74.09129559287058
75.16880431720888
73.21716576956145
73.3107636490476
73.03605302329281
70.38551569508175
70.26265629391632
69.77243283945505
69.75990852877851
69.5539915081562
69.13932221143152
69.02217568139054
68.95322420454849
69.0371151999809
68.950154585314
69.00506800520778
68.58172311682489
66.83581378655046
65.9447544879309
65.50944722674356
64.4609800259289
64.27658033880333
64.47641249458295
64.6025821122834
63.78510578440884
62.639775334342055
63.06569617233642
62.71344667379445
62.61963874624497
62.55891211054885
62.02384542875904
62.004921853056665
62.00398485129077
62.00965111234694
62.010348299678974
62.12609408873578
61.445226896639014
56.65561969989387
53.03982181578411
53.14686763784062
52.90946643422945
52.563847514457194
52.3408966791652
52.33337174733508
52.339659672099835
52.312701749963374
52.309571319400575
52.30882237821512
52.30645464101731
52.07290687057616
52.124695583795976
51.39983202307063
51.5412459064959
52.63057680338901
51.9672297581776
51.06858316601395
52.5851162004144
50.099132417383025
50.25247278631021
50.32533994705283
50.591317497210305
51.482487910857145
51.08321009885517
50.9016464385798
50.89708408045833
50.30928097670019
48.893367249471446
47.830373290833585
48.0335075228784
42.40056704514841
38.720426153073724
38.01923487621672
36.512160289329934
36.65025178067253
36.11645397334585
36.16652831452263
37.016689817192145
32.75745076849094
32.57561304976091
32.639521383374806
32.633761606142414
32.56006745879398
31.8375972301635
31.85131447445428
31.817320139197932
31.73674168041712
31.893277839306528
31.832085522648548
31.265951364358887
28.64408039601247
28.538174196790564
28.508505044001623
28.510667178903894
28.426931913414396
27.455835407306086
26.50415367308343
26.63181846554495
26.230985802272627
26.154641911051666
26.15558300203276
26.10961248821689
26.37312866980874
25.790389690523128
25.996647647152855
26.17404932649665
26.059173374843876
26.045497584069174
25.42396517146525
25.20801171744649
25.192359138280086
25.18131077317976
25.181978519513354
25.153486154155065
25.138191319112913
25.149072481376724
25.141968841392597
24.687722377308038
24.58886311372315
21.866603764147886
21.789954769945602
21.27327424298439
21.256181593469606
21.258172390290266
21.270578813086622
21.290777910795324
21.304527929509963
21.315418065922653
21.304703675422093
21.305559343247854
21.308136837854427
21.302297843705468
21.294083701137666
21.29542506293124
20.93529931515802
20.906163402435
20.6132154679773
20.495490401385887
20.466358994224123
20.46832316289747
20.469045173021552
20.477363836637526
20.471309399198457
20.246499447790956
20.2203227236929
20.2184831928915
20.212429942836703
20.19158193978674
20.179605532678046
20.17446506558063
20.099104750527466
20.05645318908211
20.060051773568695
20.082050250270118
20.08813936231195
20.08534847526411
20.084691653545534
20.085753850081268
20.07726391206693
20.072040657387596
20.066883257283525
20.065352793932515
20.064540090863623
20.062947747935365
20.062284073654993
20.061373991287297
20.058525118956744
20.03163815248265
20.019181194404716
20.024854770328247
20.029744738814898
20.032453193925306
20.032701608446978
20.032312151700065
20.0319493727451
20.02797050224251
20.017735207075592
20.013443001528383
20.01354314361297
20.01349109108285
20.013123120777962
20.013128546281894
20.013361721692295
20.01028626018143
20.007210211577704
