-23.35794587976335
-40.569908549723706
-51.41013294848379
-71.38174972078956
-111.73253665799288
-159.18376641343758
-198.97378665303506
-231.510746999182
-245.95699898728637
-242.71683166229292
-265.2608843086158
-309.379904807853
-350.6174999918258
-386.634205070479
-424.47135359616567
-454.4546470940578
-458.5201043487729
-459.42032916944635
-466.6806932641399
-458.01159860285543
-442.15718832603534
-418.1139386516338
-415.84709233025086
-444.0797289456697
-465.6334683433842
-490.0675929495954
-512.3088659092035
-524.5654681121182
-530.6974709121778
-532.5084899415491
-534.2967559310576
-533.2839919096994
-532.2939809282038
-535.7526923046935
-551.7077008060846
-578.671120198897
-608.9394071640487
-645.4806203698972
-669.7070912761175
-682.8666709141887
-689.3442553750184
-700.0948808297177
-704.5469162698585
-693.640082838566
-688.2387151492926
-693.8267838045282
-694.631964957012
-695.187706374804
-701.5676411642173
-716.2724660386247
-735.156590146912
-745.1600827524132
-762.72985122419
-783.1750993640095
-798.4843419212516
-812.1221664797076
-814.8578810077364
-804.5095208328553
-789.6150170220516
-782.5404392570019
-769.6133148650019
-760.1868838405617
-754.7188590760484
-755.8535958021231
-776.2189632023479
-796.1008184720417
-805.8043345064096
-817.1412654323406
-816.26548028089
-796.7340292970038
-784.2543993684773
-781.5359231663866
-772.8701516061798
-768.0349129538529
-768.6251466625538
-770.8229294391949
-778.9191599424092
-778.8333374568415
-758.351929197344
-729.7405141109123
-749.1779311067468
-802.1224809077661
-829.7860132973523
-814.7040682776984
-809.2728013598036
-813.3655315488502
-818.4584507809831
-833.3989987163019
-843.3703455355162
-860.3535428793082
-868.5847135777701
-869.8040337516546
-856.5955051313097
-848.6696528698557
-836.4035357986916
-833.6762310391531
-844.289204690589
-848.2557914095864
-848.1961048667088
-843.2400644481717
-828.7926642302402
-812.4401880165067
-822.4587743334723
-866.7395558438795
-884.3884925265298
-913.9268480260641
-928.635942623419
-926.7846953327327
-922.1137722615749
-917.4428491904172
-912.7719261192594
-918.6307564566968
-938.392662448623
-932.2348788979177
-943.5736169721968
-975.1679887322213
-994.993600164691
-1021.5749406091516
-1046.0167899050196
-1036.4603256410458
-1009.2754064961431
-1017.3857422058863
-1046.2539801088592
-1036.561642494618
-985.4500932129607
-977.5295450031402
-1017.7024925078692
-1027.6879843871016
-1006.0022311321742
-1014.2607541308303
-1006.6688924623443
-967.269761567794
-938.6513036108864
-936.7450316561227
-966.6863560312362
-1018.5959876245862
-1028.1429184447088
-1029.250198287128
-1036.6910779813704
-1006.4344635025413
-1021.6118297026308
-1041.2894325045484
-1031.5780339539265
-1045.0841823179965
-1054.174069576615
-1065.8077880363232
-1094.5290271318627
-1116.2414598796158
-1146.6627131819623
-1190.964051390959
-1225.5567358176068
-1278.0878213003284
-1321.601008760581
-1317.3424685196983
-1328.9135515688595
-1318.6289115312131
-1297.112165676021
-1327.2625021404183
-1329.7011040419184
-1326.965732530977
-1342.98906201101
-1348.814885567509
-1368.632094402807
-1396.7378961441177
-1417.478346523594
-1456.5925162547271
-1497.1319675905384
-1535.007275239877
-1592.9691750952366
-1615.343700833245
-1610.999545071663
-1624.340485777285
-1597.6829103689622
-1598.3711038084318
-1626.4171372772626
-1617.678290467627
-1626.0393346915
-1638.384051303564
-1646.2155598647817
-1672.8591135003498
-1697.0040614351035
-1722.3891563176917
-1766.54776489304
-1802.2868398995092
-1848.9032354899539
-1901.6089427181225
-1904.298738230763
-1909.7780246344137
-1911.0795686299557
-1882.0783448699854
-1904.8504789318717
-1917.8039023696042
-1909.7673707609147
-1925.1724602223178
-1932.5085853799867
-1947.2133946796978
-1976.2596719793055
-1997.0041629925709
-2030.956327537163
-2074.2493881533687
