-24.348017130420146
-44.061951954285654
-62.193571357343956
-103.66773217570186
-149.44675982777284
-179.96207019333522
-211.33059158044287
-264.72666100392735
-321.28421963743074
-372.9665307135148
-398.59599323603584
-415.3824531722828
-411.52991040472614
-436.3318808752557
-467.0489833726511
-497.60906956390403
-546.072938062678
-565.2295242116321
-562.583205364808
-578.813932105929
-616.5378587347875
-658.6111647370496
-672.5129638488374
-681.22368362428
-676.7438244169235
-662.5524165948412
-657.8705918247844
-689.2153786423819
-719.1150520422964
-712.3124061098488
-717.5886790713007
-731.5168549658454
-765.8138515002823
-799.5531342426038
-787.3444292948049
-762.0294373049292
-739.8577405267235
-741.9664509572658
-736.5867554011901
-715.6154976303004
-687.672058775157
-676.2997127367929
-702.3901672240041
-733.6662324096551
-752.5548118472695
-780.3062098513498
-815.8734096601823
-821.419587965088
-798.1915398821455
-785.068134321393
-808.1207678061952
-854.9612636743949
-919.5194346541874
-979.4701959039412
-1031.5912391898114
-1073.6068089087019
-1065.6643670939
-1014.7852892900615
-963.0881576116766
-966.6247386841211
-1006.5208571123214
-1017.7260447558696
-1031.1369479365885
-1050.278286603267
-1093.3668456580638
-1130.1629993417644
-1183.7842626130048
-1229.0085583457615
-1241.3724494798878
-1234.3371118497196
-1210.8890449770633
-1192.8925144486084
-1189.8757803352605
-1184.5750587898435
-1177.5605429478585
-1166.9325463650193
-1155.8828332355727
-1164.856374397696
-1148.718569109026
-1115.8574797686513
-1092.3718678496293
-1085.8294027999968
-1125.4253267033764
-1155.6084136694167
-1167.1425895070317
-1193.7127019678917
-1193.6028970702057
-1166.8389550668514
-1163.0187453093456
-1190.9711091604431
-1235.5942320171584
-1253.8621928026946
-1241.4195111514964
-1224.187989857062
-1218.4449066938412
-1245.8988529235342
-1280.8173232594227
-1317.6989798768336
-1373.0805411328706
-1413.1366053820468
-1424.9521571596467
-1459.1054071546864
-1477.115298672978
-1479.9385546257874
-1472.039720304734
-1456.9368267713796
-1447.6178118510325
-1483.4419578508187
-1509.31654517431
-1495.3923073112082
-1490.82527780368
-1508.516751092618
-1542.3485891497844
-1553.9147952895228
-1574.1448851422365
-1593.2926865941856
-1585.6796988725512
-1593.367911627163
-1644.9582244172095
-1681.2597905604987
-1687.5235783909973
-1699.3379564913364
-1706.1132249777297
-1679.1524848185102
-1650.960721499033
-1663.2362529734241
-1654.6436860221263
-1652.7771624247891
-1675.8763045496985
-1688.6610264463634
-1719.7351185739171
-1751.2733268266845
-1773.859170444825
-1775.3218031096244
-1791.9376046902225
-1818.0890364200475
-1845.3149940946444
-1881.3752492731312
-1909.1079679980462
-1925.9573556052553
-1959.1737106372364
-1980.9605025549045
-1997.1717941461586
-2043.5353255376651
-2084.4824621336884
-2115.120466183488
-2133.260256432251
-2127.0508981009834
-2091.611454393435
-2060.4301164698168
-2063.163258982414
-2087.8708548226177
-2112.4884197894967
-2157.1321136659426
-2217.3020694517754
-2239.3149062746506
-2261.537087167703
-2310.312769570084
-2331.929689945763
-2325.4577631279094
-2367.2425686712927
-2394.686964759598
-2390.0097370456547
-2381.306030018347
-2362.6120568867527
-2323.9908797442977
-2305.2039904281946
-2318.31359696868
-2344.776165316266
-2372.866782650048
-2430.860682043926
-2478.0656824867083
-2492.3812951216287
-2526.140945199414
-2573.261859499142
-2574.6598728684635
-2584.7104103675206
-2631.359549702147
-2642.3826097302194
-2634.33034207649
-2624.4345823214844
-2597.59300692411
-2576.9736201614737
-2571.9617700214867
-2565.2018830940447
-2563.414839644162
-2574.2327027114347
-2614.0382563894946
-2658.271100379131
-2670.2234694716576
-2653.889815392351
-2658.6489611175334
-2693.919578348081
-2718.6679700996538
-2736.252833310622
-2752.349026242992
-2762.1030144715473
-2755.245321298705
-2724.601724087933
-2712.744839656994
