79.00685795093895
79.00772971795509
79.01444485913258
79.0408088520207
79.02186417458853
79.07936011382823
79.25249251453536
79.21532377611878
77.85160414965286
77.81383685878266
77.99476402128235
75.86830359141928
75.70702791160292
75.33215357111082
75.33978481909024
75.3379693064465
75.33463477433061
75.20787155059432
75.27869018120863
75.11862700663102
75.03794098868708
75.04859201121701
75.05388939527982
75.04057822127348
75.04324019504557
75.02968972032862
74.99231932557387
74.96863288902092
74.51182287603696
74.2296279542415
74.22333779943722
74.26355962710568
74.26506345506844
74.26505662948533
74.35912798775314
74.23330940573736
74.23881720310587
74.11152512592788
73.77155343348495
73.80875847590153
73.84333146996536
73.84408860701087
73.80531366582069
73.74894414864612
73.01519916206382
73.0485563642987
72.9883258535579
72.98875731165455
72.98875697925402
72.97937324260349
72.97808104372096
72.974995787519
72.97480096494479
72.97416437922305
72.96997551877122
72.97331658438735
72.96986044315848
72.9777219959969
73.02077487360343
73.02023787820922
73.02020256123545
72.88907266049479
73.09226663698492
73.07477283324947
72.79653906390286
72.64930999632656
72.6345795696418
72.51757916442357
72.52523199542756
71.95155862493668
71.86901054457743
71.87870325207749
71.67965041385796
71.63098061920974
71.61793110245257
71.6244711725051
71.6247258068583
71.64200176480115
71.63366639206676
71.63655134849773
71.63790563453907
71.54662015599861
71.75146532646288
71.76539438049208
71.83364410720087
71.60713531880317
71.59227372853435
71.59122909548213
71.5585145202272
71.55768108466866
71.55793003996754
71.56541034426154
71.56558399852594
71.55394713149039
71.55388585062661
71.53156453034086
71.45967337277166
71.46447775580553
71.45408533469477
71.45571590590714
71.54893961884522
71.56627782386894
71.4944190447268
68.94064170716048
66.9765756392081
66.96870642917673
67.03026245353114
66.94888193985702
66.89824551422953
66.89743047845418
66.89715294209093
66.89701305023536
66.81970409039522
67.01280049946834
67.12922678337074
66.36144034724467
66.40576214757043
66.40285599123719
66.48782075119817
66.51238153806294
66.6813965903314
65.51525091951879
65.54095275287528
65.49371531440038
65.12334392029491
64.97367792894856
65.00534045647635
65.05599584657263
64.7626088132327
65.1461943121726
65.35494420260063
62.3159263374834
61.99239842078164
61.75508303221334
61.153763113755986
56.24262445148026
55.89771924886934
55.86921276979592
55.866642331717046
57.41531320184517
57.18297378129844
56.07062562871393
55.99582553409161
55.9891127796702
56.01255284763124
55.842717703699684
55.65510879625412
55.66336728624602
55.66304958981673
55.69963179644887
55.68799944622524
55.00486609132694
54.871045498403035
54.86779425574113
54.866810669737106
54.86741289776582
54.73696095328396
54.5730154545145
54.54035432158453
54.53934012016903
54.53916306750465
54.51920052216488
54.50822761513157
54.5119649625848
54.512354926473606
54.51203386633031
54.512907842467456
54.51295135972543
54.492385288381435
54.485190617511115
54.485662569688614
54.48558057403528
54.481717238087775
54.37507184488339
54.282158011800796
54.27620090944227
54.27624396460012
54.275186553575
54.256380379311196
54.253671281693244
54.25368653164057
54.253656338936935
54.25338911496903
54.253426734220284
54.25324649574267
54.244409638285006
54.240759398061165
54.24056932745505
54.240403568712864
54.21702069954735
54.139708649884795
54.1127676229698
54.11176385366113
54.11175856701057
54.105584675205165
54.09457538725418
54.09662322833148
54.096675457951505
54.09655874154427
54.09645303492763
