27.620141161062012
198.82005852821732
508.2691031641107
806.6278924492003
1114.2885950143257
1379.1536566805985
1668.8705855506926
1922.5706450032953
2216.7277685021013
2474.0075149021495
2766.724032102865
3026.431830904567
3316.9927052983307
3639.2537178322996
3939.8747430922313
4220.1996591770985
4507.83030621331
4802.835916163809
5070.614205829598
5360.691147637513
5615.351732462754
5925.496043854306
6202.016086315406
6513.516624470034
6778.519374196027
7064.697380977154
7296.582259312282
7567.111139400489
7807.075532626959
8027.200033979866
8222.501089065463
8428.185525365237
8655.692785664673
8889.229742981288
9123.69108807647
9333.483869666114
9551.901459050834
9781.227801859635
10075.00004659292
10345.267590318092
10647.05445250657
10900.430905971501
11191.423581674284
11484.54532544231
11775.54137735879
12025.66155832283
12321.36244227457
12628.45803584049
12928.349877957206
13223.48949022102
13528.748922643656
13694.617494131131
13779.016519498198
13931.591647791842
14224.606354525651
14517.788995221352
14788.088725372832
14923.199123126502
15109.601979546833
15307.310840513434
15526.050769701853
15798.871966151366
15958.440194989582
16092.865711146867
16205.569942323065
16353.919234313962
16628.50608774948
16917.44595241106
17220.8650152673
17532.878179321353
17835.10294207229
18121.907314236454
18404.339272403864
18684.44407018946
18832.75824730669
18985.85689867796
19139.247633809362
19421.652716781406
19578.648852685936
19745.006617917374
19908.39177474203
20055.57418456086
20170.115491474196
20343.116093212706
20643.0885129107
20936.36356976423
21239.395900826574
21549.464512608985
21847.407555787566
22136.11022057736
22421.24681457044
22728.961462891828
23031.055523828258
23320.726711847325
23617.69498244139
23757.63500142501
24056.23601778336
24201.631575479925
24493.835998409664
24774.304196905374
25054.41056514884
25330.293729037407
25582.618921050995
25805.08433372603
25972.449225308417
26161.270115350988
26388.604723370256
26597.83832232051
26823.85199879031
27046.491739838235
27261.426254138292
27414.48643723197
27564.174413048368
27678.87751626214
27793.463107110416
27977.16793857138
28149.37361231751
28307.64364981786
28426.744346361185
28512.041862503
28602.079947781676
28696.306636562833
28766.014629883328
28806.33986209246
28879.80970991841
28986.16498169681
29093.590931941802
29179.64347629645
29254.42823936864
29316.727371702884
29393.41948303904
29438.543902024114
29471.627033876808
29539.94325056302
29616.5848989472
29671.86183848031
29703.924195208852
29711.98142792698
29721.35692303635
29748.369250138574
29787.866299254605
29822.308321007604
29860.408142347027
29904.227938767934
29962.00061390099
30012.27111430061
30059.144006480357
30089.682205413264
30107.561416341276
30130.360376368364
30169.901845582255
30205.119664148206
30232.284936856464
30255.19609795713
30254.067715372537
30251.99469416297
30259.62203956015
30283.05149226147
30306.01420635605
30313.246062446844
30331.266010418425
30385.752760272826
30413.359100909216
30430.078987987505
30449.91150462933
30489.03772824992
30550.83757810858
30611.8563721087
30648.612154343573
30673.55562124955
30675.352356264513
30673.63082826274
30679.707339871286
30701.02523998241
30736.52535231924
30763.108529504552
30779.12158644624
30802.477041965252
30840.335582399526
30862.37167947502
30873.160443925295
30877.325268046607
30883.58533816304
30918.33247459569
30952.596607833744
30975.162721469012
30993.10039164937
30986.608651545765
30978.958606879816
30984.506188236086
31004.239296185533
31024.487134777293
31023.95640620851
31029.083636616688
31044.721207726554
31085.871443449636
31119.381078209655
31131.005335507303
31132.3037336814
31146.679264326383
