8.690649232336343
151.25191120292237
288.9954224306543
545.0170223238299
820.4880247406893
1095.3886283870522
1369.988219828116
1645.1326331922853
1920.3883418739624
2195.637398267673
2470.8921144403475
2746.146717804718
3021.4014662642217
3296.060882227297
3571.2147205452193
3845.8436284807053
4117.106548195836
4375.529463936791
4650.481061440079
4914.596686665712
5187.1289455814385
5462.071754936787
5724.963665254769
5913.784154210495
6084.885368414368
6324.226529910693
6539.16338402411
6673.720667563692
6863.13500187517
7058.875229661945
7209.1833217101075
7457.284416970101
7719.2045012704675
7982.505464284972
8237.14155107753
8496.57466246475
8749.155183723684
8991.034169948129
9129.334151964864
9298.925355080859
9545.626989172375
9796.497164243561
10041.20420890617
10160.217801948811
10313.513497011825
10435.059290859836
10527.937969453787
10635.327807826146
10807.220907431929
10899.37917370321
11004.540730670627
11121.237770866146
11310.928058897362
11569.850988645534
11712.631133695246
11851.327350960275
11984.763081096013
12222.737264824957
12446.84610557419
12581.152125502422
12611.890205219182
12642.261926194751
12716.686757481059
12793.775954613564
12918.588453136612
13158.173988487608
13406.547954528369
13656.620061595779
13907.65943159107
14159.066362035654
14418.175554184598
14679.772640826977
14941.379185842423
15203.00593148213
15340.424658906377
15600.799893420393
15861.768535748679
16121.843928928656
16353.403770337869
16479.08077482401
16646.532315788867
16732.22240739204
16945.5808505344
17086.821211344843
17314.683579988596
17570.629736519386
17831.613915965452
17968.947945922668
18105.944323762666
18242.563756913012
18377.183898146504
18509.95083930227
18753.57811920703
18921.643981088026
19133.56581522064
19387.752583062324
19646.48731855939
19878.360376456894
19991.815240674907
20026.290379289887
20180.501598207782
20353.00456095859
20595.232973504226
20841.13485240432
21075.08876093385
21183.15373035494
21254.36828090694
21344.537749701933
21462.504934533034
21684.508226358033
21838.756356468635
22069.53482576467
22292.21112161259
22395.382475586204
22469.79655656216
22580.372261704764
22702.179305229405
22946.137989884875
23203.009503471207
23463.5644130628
23724.222072729553
23982.796211389017
24113.502975119056
24232.463767306464
24310.902987930498
24352.583787720505
24472.311994024127
24654.54157602805
24706.471179453598
24755.067892531013
24784.936889837038
24887.808132302434
25120.20927581615
25375.739286927583
25617.303720140462
25839.284657662236
26006.10337299313
26117.28174813076
26214.877750138465
26284.507570360394
26342.771457891497
26396.80344894761
26429.924703492998
26495.723447209413
26524.349257147536
26589.20255902032
26666.30494398769
26836.859151657107
27004.645750223895
27088.613782749868
27221.440283081007
27307.950891216202
27487.583784225277
27590.165838400153
27624.50324264904
27710.92760369718
27815.481934615003
27966.990240562536
28034.884668381073
28065.182301097193
28126.347566614677
28237.63844185217
28322.979919515237
28380.49836079045
28422.433825217373
28456.78996109068
28482.559683742806
28508.392640877755
28532.898313076963
28568.39776184362
28589.38304470208
28603.31754849853
28628.556488328526
28657.63197504158
28683.759846655677
28701.63141242699
28717.865258027003
28742.713494055406
28763.84014985286
28787.426335819386
28811.233349981434
28833.776580656915
28849.45749674868
28867.46838405621
28881.976033954616
28899.459477008968
28920.227894617306
28933.049011617743
28945.727670217817
28962.195433556193
28981.034097413194
28998.0657991873
29009.949987876957
29024.20002986316
29040.054814560244
29055.47936273414
29068.663520352024
29083.618930682358
29098.889575710262
29109.817769962166
