-2.988323707545332
130.9669569280605
263.2903559564124
508.741671661797
763.2527756882428
1016.0825849806733
1270.786172038804
1530.998957923657
1797.5870158796015
2067.042096911792
2327.4826343225186
2582.8736486837356
2842.2942164736664
3099.275284188341
3358.9980711270955
3614.5964570573306
3870.6516284593035
4108.806381793542
4245.682733028032
4453.781146147161
4712.528027725256
4969.646011049568
5213.396625564397
5344.713409087543
5426.044516716374
5538.829726141358
5705.63018511752
5938.433617361899
6160.132190356874
6408.1287855931805
6654.407128462946
6881.070226357626
7026.561764483604
7245.889422182517
7498.454122866771
7741.378350347276
7936.588909286433
8008.6953050698585
8064.270512548872
8323.07665948549
8612.881067230213
8886.304735783717
9145.858367568162
9404.078803514221
9653.42914528368
9874.668577252967
9969.591618768362
10008.84974575011
10108.351285305629
10264.34567625199
10420.967532709312
10511.809107907504
10584.903982868902
10773.178497239873
10897.321025742276
11129.362418519086
11376.093978874087
11634.424913432398
11888.616490210095
12135.667412188803
12371.49709558688
12606.112662838072
12850.315970754458
13106.062767770602
13363.893643844875
13628.040738175869
13767.27091202698
13779.822638749416
13787.464564947952
13922.267384070587
14061.412476920392
14196.836693165795
14334.68857415043
14477.274070911652
14495.190074154989
14650.731940815938
14801.969407449362
15060.968043612735
15298.006474227592
15537.739668752036
15796.862591666111
16053.344960856915
16310.21003985313
16574.689730126407
16712.31692542051
16842.855202634375
16849.65213409563
16851.539340325853
16983.3630467498
16991.140142681124
17120.569287473358
17132.803882169374
17247.676601639087
17379.11049680895
17508.613280074343
17638.407720693074
17884.54436303154
18138.798079019547
18269.666831496306
18400.671702959837
18411.141554266724
18549.452154396513
18561.013292720327
18698.20441234287
18841.38260240058
18982.995474049363
19118.35474968358
19245.188719877857
19250.10612256916
19375.292098074704
19499.98994798493
19502.64509298345
19749.475266964873
19883.072216804256
19894.676201169044
20027.1562380695
20280.210600582606
20536.439274791122
20793.55259974337
21050.822113680017
21297.432240062994
21420.53154162858
21573.97502819523
21626.503011096065
21684.767375686104
21745.16225749322
21850.609476466787
22099.356833124482
22367.444493212464
22640.64513511192
22912.485459418727
23176.56038373077
23428.485775616657
23618.643084537365
23709.697337276695
23829.22231224913
24050.778264120156
24248.200509103503
24393.92498934701
24641.412414695358
24901.6070012609
25169.537242301198
25430.140123419853
25682.277691251944
25922.429779170117
26169.40989862671
26447.92072169078
26716.91101020856
26918.145578211224
26995.450095090462
27015.95145650587
27037.95705067852
27077.071625854693
27127.2174937893
27164.08003529604
27219.46446954437
27293.769934765358
27378.446438471023
27460.58087353101
27534.599394956327
27598.23423191705
27652.943867400285
27727.920468560824
27825.030092062232
27896.985130637946
27940.713294063586
27960.21155782229
27967.17552146106
27980.574368546047
27995.162707962383
28016.50065883527
28043.206707980553
28071.446168017494
28102.05715296696
28138.852988782946
28168.48249685687
28190.066559673407
28199.638835734182
28208.556145925657
28247.81154352027
28292.66016634168
28312.43283415232
28330.54075499847
28336.680493355947
28341.30547398178
28350.43436812491
28356.26879570304
28371.077853870465
28390.327184156915
28407.201382865795
28429.077899119362
28451.650348698277
28465.86644857599
28470.880778168197
28464.561309745663
28470.403919249646
28506.28087393142
28528.614141382433
28534.218304057595
28539.242922977646
