8.690649232336343
151.25191120292237
288.9954224306543
545.0170223238299
820.4880247406893
1095.3886283870522
1369.988219828116
1645.1326331922853
1920.3883418739624
2195.637398267673
2470.8921144403475
2746.146717804718
3021.4014662642217
3296.060882227297
3568.195532705204
3838.78742933661
4114.9512516016475
4371.613729136111
4523.040096411287
4747.3640650502575
5018.872187832518
5288.383935525003
5543.776177524959
5686.536601540879
5782.463259610302
5914.072929881768
6091.002954069466
6330.682091611719
6576.883298439647
6837.402368804473
7083.432089687412
7315.356289836999
7475.686545147416
7708.365297709938
7969.68569565532
8230.136331783417
8449.685048529052
8545.394938713596
8613.791324019996
8850.580911539178
9113.806294657712
9381.395989888022
9649.308676237388
9916.224349330145
10167.291235097928
10382.744963205809
10479.21903325726
10532.95169148955
10645.08641112387
10816.843244666428
10995.67736379103
11104.191805148044
11200.17100651105
11404.274637283606
11527.624657773657
11762.93012809573
12011.20304283213
12261.1223180747
12512.2065351183
12763.649144309513
13015.149230737137
13266.653984976518
13518.15885134401
13769.663762742453
14021.16870134493
14280.28432817509
14417.661246429641
14429.494346708518
14436.417646463493
14570.988822662634
14712.261937402254
14849.636632163509
14984.310890811592
15117.32482550317
15129.15632915952
15272.622189027115
15414.835604775182
15675.0656470817
15928.55146497127
16180.352244810007
16431.88069181294
16683.386148041292
16942.501920643583
17204.099608331126
17341.505201307526
17478.534653134953
17490.367640449927
17497.290902533867
17638.20918161577
17650.04479435133
17783.131156413216
17794.964451574644
17906.7073641108
18032.399735640625
18158.289626062462
18289.21347266724
18539.25220351786
18797.673219806646
18935.018896545014
19070.810425777952
19082.642992209323
19222.59021480958
19234.42526047938
19371.689482962865
19512.68728844483
19651.389009519393
19788.911610205745
19925.75599958426
19937.58892592414
20078.540576238713
20221.268007323994
20233.102582337124
20501.758693984815
20640.256115296877
20652.0895634937
20788.4441584392
21053.772005239945
21314.439735520933
21575.930805014228
21837.694138987343
22074.748778028716
22204.147520719875
22379.85703529381
22450.162178448198
22523.879426359108
22593.6473209742
22700.34719608199
22940.93994781253
23198.567463789805
23459.844086075725
23721.37591405265
23982.108865815037
24240.18521480331
24440.97040874339
24540.918293356437
24661.90938470942
24892.83252943512
25092.10130317889
25230.031145950226
25475.53306663375
25731.396172665678
25992.001850856814
26253.491669473024
26515.104410436703
26776.7354595886
27038.36525838015
27299.86474745084
27558.397386774235
27769.804469321556
27853.077949858347
27886.09568384845
27911.9316064875
27955.73670018357
28014.351100590975
28048.0550456952
28096.55962890783
28170.215775239285
28247.458608006764
28325.17917855825
28402.971992796058
28480.784384216375
28558.577977318768
28636.129861601214
28712.17286041425
28784.65616294062
28837.539802341416
28864.785696610255
28883.18669872957
28897.66772526661
28920.549831093176
28946.71834079553
28966.588367852495
28990.976209817836
29019.286522001676
29047.858499574293
29076.465975861316
29105.075912999997
29133.68177024908
29162.274037887037
29190.825397012468
29219.267306195023
29247.354464044285
29272.02072858429
29289.36255812265
29300.874645685155
29312.451811388757
29327.693876699628
29342.350945657454
29353.80738272039
29369.54598551828
29385.73241815272
29401.96597848618
29418.205948788538
29434.446296521593
29450.68668769647
29466.92673498034
29483.16514238389
29499.37468729836
29515.230209493373
29526.53128019371
