82.16597795857055
82.66926196908408
82.57795442972697
80.51595008653406
80.4238932916131
78.78063386010916
78.14399238011825
78.04434327556325
75.45653067972364
74.2854648415353
74.34251243379886
74.10914436906519
74.33796658381512
73.0064482542397
68.01374544171458
67.73508799694427
67.8129281560455
67.79833162768594
66.78247969401833
66.82121805722566
66.3573841399542
66.01898345787517
66.03696811497811
64.78150039883944
64.51307369751743
64.36654086869711
64.1846600824852
64.15847945536508
63.58650477360051
63.3821411318521
63.70970258211382
63.893168217578776
63.84456346001575
63.86155592351308
63.8060622898498
62.8444237087117
62.752609213363776
62.29815643116976
62.1883727829976
62.68580184554315
62.94653683605141
62.95401146333569
61.42983734079096
61.412733200177044
61.49069690632022
61.47947692322141
61.56186644500018
61.48643874759171
61.58059839507263
57.72065645672849
59.47040459940981
56.362329690155555
55.48202450253386
55.51381175739717
55.10541442671406
54.98181747542052
54.2249860921637
54.22738254445637
53.812403669623926
53.8928278192783
51.809113748827485
52.13688781369317
53.12356358767404
53.219183695302014
48.26494240238614
46.53750044766477
47.523522304967926
47.461343753857406
47.531249003222314
48.50860612236718
45.87361806892338
45.21404568791722
45.27821698960748
45.303563949199216
45.118878873277765
45.11700380516376
43.50815798843304
43.391181046254594
43.24826572798398
42.5732480930089
42.878665234037825
43.193020611664544
42.2317814408496
42.10639106840556
42.14987799479197
42.06664580387444
41.296767958615625
40.15099189932213
40.158034330148936
38.73453083209062
37.746753517671166
36.75914039461405
36.822050560849064
36.915727047632934
36.84292300769235
36.79381503636552
36.632127765236014
36.28690084569142
35.93380055513281
35.58902026249423
35.141923545533544
34.510562798415805
34.422721755973875
34.45852203635084
33.71655267285234
33.693314041974666
33.69717020183937
33.70177598304993
33.70942736571003
33.724049087180745
33.67425070205279
33.5517774152407
33.60756400170256
33.570599944122065
33.54874521414141
33.429060389450065
32.94852430917074
32.901838101052704
32.728425785206184
32.60589020827751
32.62183044365716
32.61980533555008
32.620692492823984
32.61588638185293
32.61597773135968
32.61527552379444
32.62812036555697
32.66741641964331
32.664718834778824
32.66187882691656
32.66104233879819
32.62562617720676
32.61298178231314
32.603874287525635
32.57273013536486
32.5786413024274
32.58023502082707
32.582073545859295
32.57489935698223
32.57665779260086
32.578252713172404
32.585205137996226
32.60134952110055
32.60535275641021
32.615203473391595
32.61421152619551
32.612818592143924
32.58213256264532
32.581413318500374
32.57460237432015
32.57403761358671
32.57708971930418
32.580167507570835
32.57711572632301
32.580333332273746
32.581384689480956
32.58231930728049
32.584707069333845
32.59034967266492
32.598028068663126
32.59451988858595
32.59036761328565
32.544581719569926
32.545737259074855
32.540351984160885
32.53028523696055
32.53063805645797
32.53819488625874
32.53986161006831
32.544853260246676
32.54455769903042
32.54446463466838
32.54573270055866
32.547504905339444
32.551013906734774
32.549723119691734
32.543785552226694
32.503791875545964
32.49627872880383
32.49944350433708
32.4884798682944
32.487987121827864
32.49606059798466
32.49645825439391
32.50127863345773
32.50175310140681
32.500465563443775
32.50323688813019
32.51000602825437
32.51005537247061
32.502749382551045
32.502820904649326
32.49505425848642
32.49705679422483
32.49771082878032
32.493461771595236
32.49296846237885
32.49453969885927
32.4969480494701
32.496605012557204
