27.601440861201326
188.84919011661103
340.9021631618074
604.9356328699788
879.8122814707981
1159.5593057140281
1441.3484514512552
1709.1964931889145
1976.634414938363
2251.5208262044093
2522.0840616429373
2799.956120690558
3083.983125075157
3361.355345720401
3629.2228777614296
3890.3409650099593
4152.331236038195
4421.671325215911
4687.24853019835
4943.814611999158
5204.14740457593
5474.103840435571
5719.692444368249
5898.334239349622
6031.478900980437
6266.821935838811
6536.21451657564
6797.9358519246525
7053.3860449606045
7304.101593896731
7552.083576252608
7791.432521718526
8047.419763967117
8321.808268803892
8596.107287439465
8836.200183822628
8928.455033658536
8989.316201660466
9085.645558668968
9287.923377667405
9508.888204041174
9746.720169067368
9995.26029429549
10255.70725823377
10508.094392549772
10746.927197675739
11007.402780320488
11273.338971720295
11550.95826901628
11814.19847774088
12064.359229182628
12312.195229750116
12571.079587027058
12826.54672650065
13075.849690259089
13318.530605530636
13565.02245375173
13808.295247574359
14063.144824621186
14342.686481319864
14473.29215983949
14714.833631959558
14962.11176085541
15230.80576819102
15500.438574096775
15772.791796475492
16050.215720687978
16314.91380685158
16572.23526845331
16836.71723454435
17097.96205155549
17350.23081356023
17593.960161615516
17836.59459906663
18097.491688902224
18363.76115754993
18630.30061346886
18901.617267398186
19168.995464012325
19421.66374033147
19676.616674141507
19953.431054558503
20226.82480358175
20494.813932099878
20762.793809405593
21018.63387510189
21272.104977522627
21534.5285602868
21809.23440877685
22085.874219605896
22365.144343401626
22630.798196635333
22883.938971662734
23126.827474606584
23372.52867419889
23629.77407858179
23896.26406022416
24163.23711100066
24418.25995153143
24661.691069892968
24904.338855990904
25136.39097310719
25300.999345807748
25392.459756631637
25482.115119058326
25574.031979530297
25668.466737979383
25759.46074951971
25835.292477618317
25901.364972797746
25961.60675847629
26030.118536036796
26108.093975649594
26193.219586183714
26272.40831207473
26338.34623270423
26394.439590001453
26455.839758214865
26506.551813007358
26536.15226253654
26570.81561242846
26615.02013959509
26657.93495984533
26705.72381681792
26746.50758570806
26777.82582449422
26798.241239153675
26814.964375394633
26839.91258745472
26872.77628484945
26908.602694368936
26933.76622070785
26946.79449039064
26958.937547928806
26985.267858072773
27010.517982359583
27032.064089247
27060.087509212673
27091.601452259125
27123.81037399893
27158.929592599787
27184.012200914123
27200.714549896522
27206.16762669601
27213.896821962022
27229.666419936548
27252.876174158293
27273.45271634787
27281.35666024139
27279.303605290956
27285.15569932914
27302.61382934926
27317.01580820436
27336.829323152415
27367.07844195638
27396.735398377197
27430.47187407607
27461.367853346772
27482.280675066093
27493.42341015917
27496.84069290965
27506.88900289365
27524.653134983568
27547.821248692653
27562.82494323421
27565.191034326068
27562.392070855865
27573.552946773776
27589.617279423615
27602.651977937465
27622.815863793796
27649.081497442487
27674.450699516867
27704.631114169333
27726.573505243792
27740.13948534551
27742.26697108746
27742.673910098027
27751.10709809425
27767.201139635872
27784.17409218397
27789.389600466286
27783.16156729102
27779.654210177127
27790.68155797199
27801.544607831354
27814.9505782027
27838.035529873563
27862.5773390165
27889.19197848409
27916.7915348442
27934.14133761165
27942.858902574993
27941.21687673214
27943.75037979879
27954.094327894207
27971.35503726459
27983.6940918253
27983.194753064883
27974.216515076467
