62.58963075050947
62.58922845286961
62.58750469628492
62.589458269807345
62.59238152917514
62.59472351041507
62.741766481968845
62.751534956125404
62.555961007217185
63.10890015500548
62.7060255274411
62.672135234017
62.603885992762564
62.26457148129479
62.020112739867685
61.95593959025863
61.712176161189234
61.70447341777129
61.65020096931954
61.61569954292263
61.44303549032508
61.2022797777303
60.96440768691877
60.96152986005459
60.948012639217076
60.931744861774725
60.876683794750605
61.12151330022944
61.056983919621196
61.061696193842955
61.01802835191233
60.81135178856142
60.736800398075815
60.77417640938436
60.73985731260475
60.66680856766909
60.6687784815322
60.669413489687365
60.668667375630456
60.64768905907958
60.58117215632082
60.57780701561661
60.5986017187411
60.602026174694856
60.62698434056411
60.6269070032952
60.62734078624038
60.62410500759742
60.50941930147744
60.14822277011185
60.09037084053719
60.09177324832267
60.06287321750003
60.10623382898106
60.084965986386194
60.03116643572321
59.81599745516417
59.36248611614062
59.24613748172536
57.238696532800134
56.55147907310874
56.549036671796856
56.547902476140244
56.53088714358979
56.32619345935466
56.275158469367724
55.80016019914595
55.61912444692792
55.620792837176936
55.72664842703528
56.29222452489691
56.10545972644163
55.99096183068906
55.228706470046454
54.97039063629848
54.810972590536494
54.64513177337861
54.442693094145426
53.611619114084725
53.50939962965268
53.52454518167583
53.49996747959306
53.49552685983914
53.469370369708166
53.424761935141404
53.2669593328875
53.26498051590366
53.25667272638736
53.04834529267304
52.63660143958262
52.07746945332565
52.120095444143715
52.11091566764051
50.302958119719406
49.88816377901166
49.879969544908015
49.87382553864975
49.92103883974134
49.89984758308176
49.876431622265834
49.845464620484236
49.82403695471543
49.82585567998471
49.8312945765353
49.826328519023455
49.823253290648225
49.822177057688286
49.792882084802926
49.79086399678706
49.79112783933246
49.79123383994252
49.79438189050064
49.789898647294216
49.785964078907945
49.78849252363777
49.78062268787422
49.776527531680884
49.776040020732374
49.77872214763732
49.77785826045124
49.77880229495759
49.778069669384976
49.77729781226685
49.766415615096605
49.75151106819504
49.75103588270937
49.751026035443914
49.751186914466906
49.75083270470731
49.747876182872204
49.74677608944466
49.74971751553939
49.746981581202206
49.74635383456417
49.74732078099585
49.749440304343764
49.74992434750236
49.74981186473623
49.749841696263914
49.7505412406544
49.739913589926154
49.73695191874649
49.736957112577066
49.73702354088231
49.73782409660211
49.73644325993255
49.73564779947769
49.73550319023603
49.73375345029971
49.7318241764687
49.732046895403336
49.73317941471812
49.73313605266491
49.73325999255726
49.73258644231382
49.73185166075054
49.72949704793826
49.720828188984314
49.72085556393956
49.72089048542449
49.720955357469045
49.721575466195446
49.72031819651195
49.71972956986072
49.72046180710444
49.71800028601037
49.7171117554596
49.71694000653497
49.71837484496035
49.71839840824662
49.71866227307796
49.718824781498576
49.718745282346006
49.714496917901315
49.71100627358779
49.710981518170776
49.711036110421304
49.71117015663916
49.71076419332334
49.710317854823586
49.70986885307527
49.71003149544256
49.70878921811583
49.70877230934215
49.7093192004085
49.7099162161349
49.71007791432331
49.709708147054364
49.709448940110015
49.709316664974274
49.70457501595119
49.7042687519694
49.70427019107777
49.70432868147458
49.70486176898346
49.704189031666104
49.70407752746607
49.70390671896703
49.702398091976185
49.701493035278475
