37.95452627736097
72.86159217919203
98.27450739558633
110.25034120501154
109.69728318388889
118.56681558111762
134.52519779828492
119.75960720901064
104.22218251114536
104.71161632586734
95.53147098808137
100.76431173111858
117.62114353483494
124.49741235283756
109.77052851770846
81.58318591388507
55.0573977751328
44.42514631149265
25.271934704449567
-12.1071336537407
-40.742350189015156
-45.03013779795645
-48.82797956547257
-76.7778558231968
-105.97283090317283
-130.86767624445716
-133.5838462778189
-123.05351517939668
-130.31556764865448
-135.25038473311133
-157.20538402989484
-188.50680840713653
-204.22175997109304
-188.0459944353861
-163.2590962881476
-146.09245882068984
-151.7368958771667
-178.6860104165913
-207.7178270192013
-260.0524254975911
-313.15383238527346
-336.766406132695
-341.6859527393919
-338.94903392131624
-345.61759430028076
-373.05973115517384
-385.6624656851114
-379.29924759359847
-359.9130453324889
-349.11446871333953
-354.70952735422816
-362.46031331059766
-362.9337247100749
-362.2778088090204
-368.85392745508875
-372.31497973139733
-390.8620061522065
-410.928605167217
-403.89871702803197
-369.39411623692007
-347.749892122233
-357.0284599982962
-362.42509279035903
-326.23485414602885
-289.5129686104673
-263.00773170387856
-219.60457281134717
-195.3187285274142
-183.98682077633856
-158.05286637726235
-138.57299287310667
-137.0455846201224
-152.5969358435631
-185.55933279265696
-186.9604776464847
-166.02548812867116
-137.99236768206396
-113.72913343124702
-90.42479006793961
-104.38905040772444
-117.69456777268314
-75.71484538745428
-48.1975348520077
-35.43411439640143
-22.68178411888099
-22.418128260118962
-20.392853768907802
1.2716880226087888
32.49788108240608
62.8264064970341
101.90166529644921
123.16788299363151
128.28663577084163
110.39145222946777
91.63183184555399
88.7578348062284
101.03527128441782
112.55551251768402
99.66942029398166
64.80493894831984
39.340653137574506
41.995045510682836
44.508977355079146
54.55688216280976
82.89891865390591
112.23458259185001
147.31268357716854
181.8844337808146
196.3680052055574
193.18612595229342
170.6579446710949
158.1270120469352
160.89056838129738
176.549851592638
179.85257775189572
157.5137380020704
120.35679971159816
107.93316576483484
112.46578739707307
115.67297585011876
132.75561438397455
164.13766709260597
192.9575891820231
231.93217123908443
258.31245490007177
267.2909150828593
254.48202452843753
232.92517117807927
226.60928388036564
235.4606913415304
250.05854152574028
243.29145932649274
212.44695102012594
180.46700410846026
179.09845936008486
182.3209597216997
189.00402665482483
213.61229857635345
244.19409608141316
276.1659366127707
314.1383643817793
332.5006946840212
334.68357299058215
314.34081663892783
297.8789733412376
297.1548065810592
311.17686138461255
319.88441180964594
303.2322891964021
266.7000759362094
246.19271252493897
250.19716181361508
252.65853354099812
265.26341626061435
295.29917663948453
324.0697090123847
361.03698331803787
392.64295461863634
404.963508433571
398.03116104483775
375.2409307693654
365.21508697893825
370.32217325173133
386.1590718717167
385.6187939510403
359.8059831504321
323.7378693361166
316.13709751810063
320.3155805512215
324.5526400755457
344.63419297642184
376.06478661069536
405.6785040094059
444.97138971184745
468.0287455572403
474.6399028934465
458.44015648167317
438.52669788027833
434.42641718395555
445.536201708191
458.37297069002915
447.6760781838468
414.1031817797966
386.0547352465009
387.52606711107524
390.2254677727863
398.9565884150163
426.0782495878467
455.85097977933543
489.7794356054724
525.7911935945921
541.5934715271311
540.449006405086
518.4638718579404
504.4916903162986
505.9660998705143
521.2105929971611
526.5830494371353
506.273921869875
469.0294487735898
