8.62417772252084
152.418394027015
291.7649094640142
549.810462267473
824.9636398788537
1100.2758979234693
1374.0858525521128
1649.3166895844092
1924.5233236827905
2199.1650180414754
2474.318326148896
2749.5739648249983
3025.1725533077397
3299.1066395439825
3574.3376135025756
3849.549372053017
4124.802537150628
4399.4587520601635
4674.612562846124
4949.868178826027
5224.518579670436
5496.618909334548
5744.106434150985
5936.72316726122
6084.4653164320225
6332.255773961039
6603.006439714549
6859.46260951435
7118.543828784931
7371.726786263286
7630.686268267555
7885.685925922094
8149.530643952663
8415.831266021583
8677.736835583537
8909.246413232971
9004.32348159712
9078.65920686876
9189.504472178569
9417.9495904162
9665.46512023381
9915.103372133715
10166.103270665186
10425.181775194427
10680.903189699911
10933.457063253325
11200.234013163043
11462.988595517094
11730.914791682524
11988.755712097549
12241.71399285974
12493.425386405414
12752.546449382095
13007.68563090516
13260.276653986633
13504.688095396334
13760.453456827832
14013.759550157967
14265.094183135201
14527.383539438324
14647.167105900606
14893.347861958706
15143.32430725059
15393.923195264035
15645.19505840201
15904.295662327433
16160.018007093653
16412.57317111529
16664.228678841482
16915.743667732982
17167.248547992043
17418.75360587029
17670.258629537297
17929.374265462957
18190.971927725466
18446.773901614262
18699.29679730989
18958.48183411381
19214.207859046295
19473.858265535335
19735.46395802785
19991.28847725223
20250.923571007752
20512.530989298077
20774.13470146503
21029.842939231945
21282.301404407077
21533.89271627549
21792.985468235645
22054.461016357378
22314.1935107534
22569.21425513852
22819.795653777313
23071.63174849185
23326.712758276113
23585.39516117868
23845.746424581954
24106.959354741823
24368.42524138444
24629.28860041881
24884.66852942212
25115.393450351854
25278.744857130212
25365.181315550235
25440.665659731378
25517.914688234378
25594.810396190805
25668.518532629307
25737.108475015542
25804.771909821604
25876.277786140745
25951.055030013333
26027.648691458948
26104.9446603874
26182.482023198787
26259.5893637032
26334.26119014566
26401.87317533245
26450.318919308826
26478.315774611485
26504.437805236477
26532.95130604879
26561.456165254323
26589.757731198384
26617.351358258027
26644.180366952794
26671.00022688946
26698.5017898056
26726.607945514545
26755.04593917869
26783.57342360607
26812.12049104461
26840.57101488058
26868.70404587458
26895.718628392733
26919.357502498737
26937.56207591959
26953.281359924502
26969.504404218424
26985.727405692553
27001.860410408903
27017.76185357212
27033.37276340124
27048.997218376553
27064.957335291412
27081.089016646027
27097.287743465997
27113.51051044306
27129.7405156432
27145.953567322864
27162.059343066685
27177.515248442465
27190.686541433875
27204.197615022124
27219.42885363665
27234.70054387102
27249.953382417065
27265.04637603747
27279.798920849324
27294.407829636766
27309.220227524984
27324.2814594042
27339.49204835772
27354.74171275681
27370.015546258706
27385.288042750868
27400.523136187825
27415.484398014745
27429.459489148023
27440.37565789971
27450.498767305602
27461.049104137157
27471.611447512183
27482.14541931343
27492.559132465194
27502.819533898808
27513.046892846647
27523.41056115791
27533.893889502295
27544.4330387818
27554.98760683898
27565.551561374385
27576.109976401145
27586.626842553902
27596.91852441648
27606.43187394499
27615.47228399522
27624.996405079666
27634.65184912686
27644.302260681383
27653.89593804693
27663.34460184811
27672.634399372477
27681.984940803195
27691.504534640666
27701.111277958975
27710.749740766038
27720.402567106757
27730.057792129974
27739.701790689698
