8.522679045698089
279.23284003615214
538.1427928633016
805.3739421676315
1063.272682164802
1338.4293694648968
1597.7235321941994
1869.7114101099428
2144.804754360022
2413.5490763214098
2676.2639003548247
2953.0471891794614
3221.5958086568453
3494.365091786977
3753.160272468885
4028.32954682926
4303.6835485595775
4578.712155980025
4854.201903802368
5128.944300569191
5397.663985347823
5655.3597223910265
5908.017119743078
6182.991414831301
6458.714232064533
6731.31352466865
7007.662471542544
7276.422746314913
7551.713867822871
7827.294631844056
8099.1360954825495
8375.48990281668
8651.118865824963
8926.65891202888
9202.1511548071
9475.484862728488
9750.547757173537
10009.946388455708
10263.08194210113
10539.862704491497
10814.329002841347
11090.453792773924
11366.038972042319
11637.242410682638
11909.237057655051
12167.805519376816
12439.759267898195
12713.353601961748
12978.096985292408
13115.187056083792
13383.986452397447
13519.791980000304
13664.13645031797
13935.644741844495
14079.017419161475
14342.830421126306
14599.618671901952
14874.53258416764
15150.35072660481
15425.22672945423
15701.338676648093
15974.876969910705
16249.882023590186
16524.387961095126
16796.80009042847
17073.122589074588
17348.77889294815
17624.32006745334
17899.812663958688
18175.29214547257
18450.768143677342
18726.242889097943
19001.717285457307
19275.0388625194
19550.689635460363
19826.2846392357
20101.770658716563
20376.574895197406
20650.78219839096
20924.144565645427
21197.105871086045
21471.368906499654
21743.70880889313
22020.01310155601
22289.34079047976
22558.74680024922
22833.26989717222
23106.692604423075
23381.81866719436
23655.673551631633
23931.066913687435
24201.33613479699
24477.108597962615
24738.343901746943
25003.588734134348
25259.607444767284
25507.41036601456
25773.251805168347
26037.565242180186
26281.627992302816
26522.53415353214
26782.52307250337
27036.132965891753
27305.889483365478
27444.08988895395
27709.455425069744
27840.57268538746
28101.96027404952
28243.709529774624
28503.57517270026
28647.648474477937
28782.539955570955
28916.436046962088
29057.51775713108
29069.35192731028
29325.677885739857
29459.551937449647
29714.215507526413
29965.741511384993
30241.08451431948
30515.89049216909
30784.627470677697
31052.581942437377
31310.50766534902
31573.745646721953
31838.8589607257
32113.706077559797
32390.5741011101
32533.569674400154
32796.54615434711
32931.48807926469
33077.960577739264
33339.985389559806
33595.29109985081
33859.378908081795
34120.420636816954
34260.38787355743
34400.17862658955
34535.13220340528
34672.8974798166
34938.273323430134
35083.89682919437
35219.704001758895
35357.05247307185
35611.398627482115
35845.09972016251
35990.34227805195
36228.80879572621
36474.08209949274
36732.74697680837
37001.38160856778
37268.58720531934
37540.865160848014
37816.04971955437
38089.36003675219
38355.30370312718
38620.699026408714
38877.04775324039
39129.25325788586
39399.17716262523
39671.62376590159
39927.93558324553
40183.45917358816
40431.75229676092
40689.445575153986
40931.05820935348
41184.10041057352
41312.38400602875
41503.30296713845
41635.866290788515
41868.72822989571
42050.85980067612
42286.265482186885
42489.836454858494
42699.47343878676
42927.43990325227
43086.71073976831
43258.703547655234
43497.25681653127
43751.145865105194
44005.48124300991
44245.697528468714
44499.122114721795
44725.10978355248
44865.94686754497
45051.925703886845
45273.436108951624
45514.464918652746
45709.64036221056
45868.962577396436
46103.03619941611
46210.51305176594
46343.126221334554
46555.293395720706
46747.06124565798
46796.270611717955
46899.68880455463
47126.52703537305
47266.63310986149
47401.69195630886
