-4.05259499086783
247.398867390268
480.35979573808015
716.3714639296848
966.8508574628938
1227.3508787269893
1510.8839946680691
1791.627335027626
2059.4102902326063
2316.6664397866716
2568.054716713858
2819.7858605898746
3088.505428428897
3348.144531679929
3625.2485256920536
3882.5825880382004
4143.627350324268
4399.697113006115
4671.976526078577
4960.67769714458
5258.416955669724
5398.973349366805
5525.791119212408
5650.17373177694
5883.763328818754
6102.410714677344
6356.040570299579
6626.2880180096045
6882.3731559454645
7149.80757915532
7438.565370145366
7714.837794267891
7992.179614515393
8256.632914781743
8526.705311548018
8776.703073510409
9012.485481651956
9263.80237715821
9530.440897536986
9686.789480276118
9964.496948618924
10099.108516690007
10362.44683471039
10631.099502142784
10763.91867911115
10974.682137219832
11100.36962695096
11340.47690336178
11612.99105200243
11866.069442600505
12125.930125316083
12373.111682283587
12622.288587140512
12865.130559904683
13137.271020829012
13414.765636497543
13670.062170437976
13923.632166411571
14199.131956008781
14476.808636249481
14739.323004475433
14882.283107357996
15144.240000364136
15406.216824700736
15645.041569924944
15779.87846110755
15914.450670689033
16141.487525917166
16154.287647754276
16396.650333260408
16534.26885221172
16683.90411154404
16817.18787514145
17058.87139237563
17283.27464183681
17514.27999734335
17765.613236537163
18012.75691685073
18288.10573992308
18572.536281682533
18865.112190376767
19149.09047486165
19387.55574065845
19633.193057884095
19892.371491496917
20166.24640041754
20318.942679966884
20401.689898987483
20590.45439475242
20853.500725418355
20988.598666469417
21111.53968372676
21215.158959499822
21315.84382209441
21436.452822630577
21554.462485003478
21675.80219915753
21811.1470496368
21821.633193963047
22057.32382552387
22294.827163819995
22405.221990183523
22509.04422876992
22619.43428839039
22763.319177338493
22899.012167907713
23104.56484079955
23319.927388354954
23539.25575155087
23777.321381906884
23985.798749144687
24138.136890284906
24348.235530375096
24582.01953389439
24826.477006378012
25016.475537522576
25156.875523038947
25373.795598972923
25582.261262748383
25696.559655994693
25825.600658861324
26073.338132761608
26213.086752567262
26318.04035344351
26542.752619148796
26653.164691594775
26901.23417481216
27046.6413982278
27309.038043114906
27564.195378644512
27701.130884601513
27832.05176139574
27959.719156459094
28087.510375727685
28219.157922339957
28229.51215164265
28309.32260937387
28416.03715420943
28544.270231239774
28673.409292978504
28762.731768712445
28885.790294566537
29103.04286959461
29213.49856600793
29322.76751469217
29448.083126597976
29575.31902642266
29696.04350341918
29829.168515301644
29958.816085318682
30086.610556458985
30329.847238686114
30512.814973092507
30587.639763750703
30765.103057133652
30835.429487890255
30940.117379113977
31083.08847621052
31296.37440040189
31482.584087474643
31545.610300090397
31600.707798955526
31725.011950524364
31819.103394545327
31992.47561078403
32181.365778315667
32451.77666485092
32667.05789244944
32826.487924186156
33005.873106125786
33092.185355316826
33236.19012888243
33329.95300524356
33507.21458617537
33659.73699529428
33800.81223376393
33936.14069848437
34070.09611482758
34077.38574213751
34079.764655199724
34192.12145611299
34200.90872750826
34204.78930951216
34206.65991250162
34207.428909027156
34239.455208420986
34275.09136631724
34282.78222974591
34311.34018284141
34393.7454826006
34439.96654976514
34509.826663192616
34675.81773923975
34774.01863313869
34880.46877440654
35079.9927298676
35295.006245305376
35525.57494626126
35688.704149769546
35738.696622929536
