-25.150548073131837
-63.66794529176824
-115.56599425044274
-150.59313329733916
-182.00131088018415
-196.82534679374277
-174.64981987827562
-163.6822342811886
-165.63383627400003
-196.83972936972617
-231.3616242132825
-243.49865356227184
-257.05982406960226
-265.09163107763635
-255.24507869017484
-258.170203966076
-269.4456274997717
-272.5597227988953
-281.00726282629995
-253.15390070820806
-208.36922863319012
-204.0596833930473
-222.00840326845665
-241.08480938048015
-278.70491994613695
-342.87418731980426
-388.31264217032816
-397.2426884323281
-422.5441857408619
-438.2226162158997
-412.89121759441224
-410.153051162477
-406.17501638928024
-396.2761810625373
-406.0721999533606
-437.87945088130175
-489.356809865839
-520.2622621091839
-520.8972755845241
-500.79757478429326
-473.8402368369172
-474.7508769580867
-492.41309453202336
-499.1001895386006
-504.6973500904303
-553.0966085209399
-605.055282940265
-617.37417114033
-606.5691669568728
-615.3990985247182
-644.1069278100337
-669.7381704152933
-706.8255147270536
-736.2912255741211
-726.3373867528409
-708.356164504679
-712.3977715711425
-710.6611841069703
-693.8840076569577
-675.0991984594618
-664.7389969857899
-673.3359919779198
-681.846421347575
-691.4383043313594
-729.2030060972643
-752.9800208253685
-760.4318642336362
-770.805420707852
-799.3440034988453
-823.1426182234119
-813.9047694949822
-807.5955529041237
-819.0357818805701
-871.6368576937441
-935.3415982576198
-975.6174105968903
-1020.3394184731206
-1076.0104558311918
-1071.1521951767554
-1046.2409758882525
-1010.428061604925
-992.8472989781233
-1032.2893138584661
-1065.0751491504138
-1058.4801308390972
-1026.5120937149989
-1005.3910426639056
-983.7568891444374
-958.6113455559135
-963.8590987880227
-981.2571529039845
-1010.0138329400771
-1056.887385395654
-1099.1065146930962
-1123.3004270284903
-1139.3285780722972
-1148.008093738307
-1150.355786758728
-1153.0491364545674
-1168.7407751241788
-1204.0106425057475
-1234.48093975196
-1264.9930565385564
-1310.8899124540976
-1355.3023857644384
-1373.7762132748926
-1383.7056959677477
-1413.0044519981514
-1423.8341674258722
-1403.7290916443349
-1391.0168896696173
-1414.1488426735968
-1452.3458134313378
-1478.8761743957725
-1503.7107516381618
-1558.7683021883417
-1596.8130407127946
-1616.877946528504
-1639.3467032629408
-1673.2339058147693
-1702.1757647245208
-1708.9175186727057
-1708.6198662560716
-1713.6398615208286
-1740.756219363837
-1760.085862045043
-1766.1566276510182
-1753.3663322864174
-1743.2273330957237
-1737.9734184543838
-1737.067778308618
-1744.103436649263
-1754.4972695554618
-1761.49536805143
-1765.8678566236924
-1768.8230703963857
-1767.6878518151807
-1753.461036116199
-1737.1475843426404
-1726.1898722054627
-1715.7439069019067
-1700.2133903312101
-1681.4549744345236
-1689.254251805109
-1708.178261756886
-1728.608569774602
-1740.7864624821868
-1746.6017924009525
-1748.8249934134344
-1751.5385978468169
-1760.885049046559
-1773.034343142948
-1766.7906135197056
-1766.2816123189439
-1778.3912464175828
-1799.8906542990562
-1850.8878108774095
-1878.3028254842493
-1878.9866911849626
-1863.340192152308
-1863.6025410178554
-1884.041588246415
-1925.7892470108957
-1939.7683144641865
-1934.3371068024414
-1927.1138054678897
-1895.5807265044884
-1867.6415300171657
-1860.3630941955055
-1836.0381316622706
-1799.6845137962493
-1781.303818816344
-1761.707779306079
-1711.0585631730119
-1677.3120033249538
-1663.2479304601732
-1669.8164867265702
-1686.483448321498
-1695.5731359444032
-1704.6628235673086
-1719.8348327433246
-1725.917154296433
-1731.9994758495413
-1738.0817974026497
-1744.164118955758
-1759.45738774581
-1774.2744917782302
-1779.8806485737066
-1780.3788562273498
-1759.349431497345
-1723.140616804964
-1676.0199814108084
-1645.649047887311
-1608.9252230452441
-1575.2605763485908
-1576.9515001906686
-1589.5016388404856
-1599.2874849219095
-1597.3369755622189
-1622.1391363120733
