79.00685795093895
79.00736187888263
79.01372604035747
79.13092204450965
79.10452012743691
79.0587488398647
79.55279928843471
79.60577117033615
80.30989778306432
79.9288790859956
79.52974832266955
79.24841803752928
79.24173654889977
79.19027775134755
79.14309121950046
79.10676534030632
78.84616666800137
78.54595361418434
78.32520536114146
78.38514969939689
78.29712938239041
78.1889947970998
78.15995820172989
78.03735429932358
78.44353700371775
79.09714195543914
77.3696296134096
77.3277528167555
77.35259167761143
77.36491642746984
77.05098505532105
73.68572365223412
73.64272701903025
72.29737331670934
71.77847996295806
71.8719595413048
71.69342449158533
71.73243586303525
71.73736338054168
71.43978050966207
71.44866938308489
71.41566369782592
71.41707528937982
71.42529102773815
71.47439371421562
70.82413869606226
69.47161114382527
69.72178460096988
69.85834721926274
69.4431895007461
67.70105227670942
67.24059448345909
67.24119538976483
67.234761659508
67.27348292746348
67.27328965203142
67.03325812613211
67.01195226272286
66.69607093736991
66.54655692928831
66.31092103375413
67.14637385119322
63.89012952253087
63.10415324794336
63.20504065643718
63.45463022443262
62.94312085837169
63.20887822866548
62.93991115801252
62.85124642859003
63.236737969382936
63.308198355776504
63.56842212635509
62.49940649777304
62.45326122837245
62.40751380346451
61.76859802757895
61.75191596567695
61.76694887004764
61.95373662154545
61.62366590509058
61.62311782269276
61.62341949884266
61.55911143240397
61.53480525910696
61.54156521209027
61.52723585763443
61.52701715122603
61.52997441126056
61.53553704067771
61.59049024005383
61.53934106392652
61.53535016256681
61.53270770052088
61.53078619367333
61.53212293989866
61.53820544882706
61.53229298487363
61.55747244614148
61.54753670049374
61.42148932345642
60.85989738113486
61.05725352545112
59.67952167621752
58.59751778540259
58.124424920187124
57.5186476490987
57.51917436878136
57.51811057760019
57.518282448436864
57.51039901269617
57.47323065353196
57.496903915567415
57.490910835162374
57.43120091421292
57.43039215922247
57.45374045179402
57.453729176391526
57.44493692452994
57.5215377317487
57.30899595461367
57.1554059959499
57.160589410812165
57.17733874542292
57.17697764835869
57.174069268806406
57.17014473293935
57.16975716544194
57.22694490072954
57.217791560178455
56.84182758680531
56.41260097074142
56.46866592485938
56.33609766873246
56.33291907116504
56.302670426028236
56.31236122953935
56.30591437738959
56.30431470865909
56.3057404359536
56.31121307557103
56.33012252007243
56.36884085624115
56.32730518525327
56.31577307545037
56.29025899414559
56.230629256193396
56.23010339008846
56.3199102922018
56.2873165628672
56.298024932809625
56.10340151948572
55.763558261336904
55.55873683092935
55.78553211620987
54.18510810171541
52.032939580582244
51.11499706043836
51.19125080403683
51.15065594625045
51.16842366159091
51.148793974801535
51.034740543629574
51.02010422263766
51.019216209088356
51.01858142204689
51.01946765762481
51.01773072535139
51.017905826271736
51.01516264065123
51.01105960773449
51.00741334103219
51.01552176035949
50.93650005071091
50.93344119952881
50.91730111420032
50.91327577535861
50.91201152065335
50.91123357269099
50.910850546166884
50.898507282054844
50.88543886637186
50.86741684067545
50.91689624891569
50.829923116509065
50.94052166379708
50.979356722408376
50.959724012162134
50.95694582245798
50.87155508449163
50.818651083857404
50.68333379103676
50.67020648622366
50.67166390168528
50.66886071004669
50.66644731599972
50.66541287657437
50.664932946803795
50.6379827233339
50.6433358239954
