8.522679045698089
279.23284003615214
538.1427928633016
791.6680305783544
1057.851512902986
1325.7635521238608
1598.2089046072072
1873.4684521682204
2142.227208369606
2415.0863044715347
2683.7355288204994
2941.5351873710106
3217.0353404636985
3480.6903472187473
3752.8710650371413
4011.6676900212387
4278.350164074154
4535.976974405562
4812.4801574917265
5087.254647498683
5362.601569986318
5501.003191063328
5636.795320846635
5770.716136467179
6023.115788791822
6273.847808337245
6550.196891384741
6824.909362225767
7093.645248815894
7368.9188872632685
7645.010978942571
7919.914319849128
8195.267122710033
8454.771005313012
8729.741411524697
8995.64279895106
9257.163886584876
9523.933508212802
9790.889535329248
9937.188267668265
10201.417067037382
10336.48395516905
10608.6533819764
10880.649596912084
11016.267354156364
11251.2304414803
11402.897268421091
11649.163988931943
11916.275635480864
12173.768991862862
12447.983589221098
12707.980767491232
12975.701344504037
13233.276172691742
13500.439714205431
13768.94371874988
14026.261056223546
14278.962758465055
14546.073959837258
14814.35823547921
15071.692502968326
15218.951103346955
15485.163211037923
15751.935976866414
16009.643072973575
16156.368471520233
16294.66660280585
16526.89023627109
16553.959649503697
16808.22164237211
16941.22123695921
17087.7018879961
17226.705766081734
17494.6898212225
17750.945440965617
18002.08870264179
18275.78294577372
18550.762144766322
18823.681837511456
19095.656769626657
19370.326221179228
19645.51412435071
19903.70039758768
20165.7306324593
20421.611556916465
20679.50244727504
20821.638201298836
20893.568343559702
21069.76006753038
21335.430274812366
21479.22724292141
21616.5466001968
21743.60265219765
21865.397079440958
21998.10303614482
22124.126774039625
22249.80624602668
22386.32494301616
22398.157762190327
22641.694213085953
22896.832485072864
23022.462460059498
23141.54075703919
23274.87924461743
23440.970370220704
23585.90027454515
23796.417688783415
24026.42961435402
24251.1728352638
24479.185927729042
24681.307193979486
24845.211311621693
25074.40843709075
25321.45762109226
25578.33238219708
25795.859688616732
25955.28204339533
26182.23457223716
26401.93461437984
26533.176608902064
26676.68854122357
26927.796892097947
27067.396685695283
27174.86028420391
27413.1307288307
27533.207622617283
27784.312488637657
27923.324564370996
28180.651709662758
28433.182087871694
28569.664773755812
28704.103479720365
28836.967791236817
28968.258059753392
29102.091850651796
29113.923686840837
29193.166535281453
29292.76767226752
29412.844023411086
29536.504229081227
29620.60372216339
29735.896989732133
29943.770356811863
30058.125691910474
30176.856645570602
30312.38741148527
30445.71225766375
30569.34439961965
30703.581012008355
30834.585384242084
30967.05308098226
31216.36441025758
31396.210279852352
31470.780569910166
31654.298680342436
31735.374815039773
31865.561284552674
32022.239888952638
32235.867745994365
32414.254183550787
32477.411570599314
32542.728593078722
32687.9065740298
32788.987551777405
32959.644164185236
33144.9226810496
33399.56702810315
33600.87865745801
33756.669471283894
33923.892171956904
33992.02761221494
34126.84203829059
34210.80689489659
34362.74386776186
34498.39299695675
34632.436198994
34771.04894184764
34913.337838988315
34925.172310109694
34932.096066983366
35052.03887248464
35063.867304656465
35070.78904743693
35075.70081120294
35079.510968505034
35119.18390229389
35162.22861220635
35172.72255403276
35201.52961095508
35273.42019834927
35301.536858167616
35347.83665389802
35498.6422631834
35578.48124466131
35668.09906258083
35868.46847996293
36089.75706472562
36325.21868872221
36487.37263755065
36549.76619108557
