-23.843508546680223
-48.591331361544135
-70.24115967714428
-111.57045492000432
-143.8074991720131
-161.05652868497054
-175.09108231549368
-176.47639056717273
-173.81889328337238
-206.42837060853822
-244.1548714467626
-280.05808952023244
-308.9982137151407
-335.24990326571856
-364.3093230056658
-386.9970215197364
-407.38668962401493
-410.8128159803058
-405.9684458471786
-411.4741429667108
-403.6121412993206
-395.40966662712833
-393.479833446173
-357.18887376936027
-302.7361174262165
-298.2753585573063
-323.84452875019394
-336.6746395986956
-353.11278853045434
-380.4007557576164
-415.6348116366066
-441.95074948000115
-470.96688365873064
-505.1734139848204
-540.7960569787036
-554.1567459257151
-563.7345832069192
-585.4123351562666
-596.9999032927475
-612.3445103704513
-617.8491451456874
-611.3246696314999
-589.4766391150404
-568.7377489563919
-561.6129185059544
-583.9936730280939
-595.1975848321556
-590.0497451923799
-600.4496786158174
-614.3915023590602
-659.5479196336156
-694.2573750013457
-723.387250579257
-741.0180074482977
-735.7319211578225
-727.7124054415546
-743.4652092308921
-768.0714028756852
-775.2340602433786
-774.6041475770813
-769.2857699467305
-762.3613439538278
-770.5301416503627
-805.8199765749071
-880.3024233326986
-935.6940893705645
-951.1666683641643
-950.5996177391443
-932.4338322624237
-919.7549724772109
-905.7820231434001
-899.6241806827213
-925.3895634181684
-959.8015253684862
-976.589163765544
-964.1644406714468
-945.0177693492179
-931.5288610827547
-912.8038164918497
-909.4976639668344
-919.3004560893787
-925.1336157806719
-937.5362214912042
-952.6953927355909
-944.9407620750067
-928.925901342095
-919.5627641719797
-899.9698470609862
-890.520446311544
-882.6821317194477
-879.7457237676508
-881.4588821283708
-867.0931953108443
-850.8954681551345
-836.9014050736715
-793.3363739640329
-756.6176894668719
-779.330087720267
-803.8183020920009
-806.9579891039209
-791.175201739817
-763.6667059045526
-754.3255078823677
-776.6263056658098
-803.7586973117718
-852.7508889982475
-879.9513063579556
-903.1324249224057
-905.5455096252314
-907.2820928120341
-920.0516812529734
-937.2355040632427
-946.3201500800437
-952.5283326125902
-957.3356931619603
-958.7900873044398
-953.4328450008363
-945.1070176758366
-939.7248418111292
-934.7011717652574
-924.2961970590261
-910.937934809454
-886.0941731017989
-881.4171209633314
-897.3144398359262
-902.3039317533344
-911.6258713513614
-897.4194525689115
-870.9755576703501
-842.442869059372
-846.4215997711856
-855.807589691163
-869.7144243820796
-880.5292555702679
-886.599081365027
-886.2831511453576
-874.1926883748611
-859.3933186194588
-848.6250596723474
-842.891321635347
-838.0783764091757
-834.3718620012401
-831.3240653115712
-831.6930998197302
-835.8444834293632
-847.9468963872316
-859.6635839373195
-849.2498992730925
-816.2323111301253
-772.2336768040369
-736.5502337429397
-701.7752942409768
-706.8676045450865
-742.6994046134953
-779.3291706276199
-776.0221154217039
-724.493530453597
-688.4178254908821
-694.8923835892454
-708.8155788597392
-710.9457955293519
-734.4809083382577
-754.413214814055
-751.6875004405435
-734.804189980792
-708.2462043773969
-678.4689306697533
-645.825025253791
-625.2197186729782
-615.2223899311853
-624.0933100637006
-643.4037622176426
-648.7741212448832
-639.5205364111149
-627.2992297382758
-631.3012286994859
-662.502336096345
-671.2261917623148
-652.5796803040803
-664.1933149949803
-694.0071832259064
-713.3949396274013
-726.9034592529298
-717.2868854541562
-707.7005588063193
-690.9351787029958
-653.7155918667631
-641.9906638464043
-623.3014591170293
-594.3757777256822
-576.9220950427845
-575.4068849925897
-572.8004094161594
-557.607947156017
-569.6474869610406
-579.9071273177643
-574.8086712271479
-580.8791598928209
-598.6294483689518
-617.1676586949835
