82.16597795857055
82.54578046709054
82.70571733067973
81.0637707569446
81.20259257924323
76.72989189425124
76.64433831215678
76.5645363713705
75.99800950878536
75.7538183187288
75.38536922220561
75.19005131615559
74.94234337818926
74.1305807242602
74.1941157916287
74.2208363594625
73.22463919175455
72.04455216016189
72.30106578155868
71.9918079366552
71.989071438595
72.22105640182396
70.9549184658137
71.30746083244726
71.94110963327834
61.018879441339806
60.39908427765587
61.11241292694938
60.5014336543157
57.75069317206267
58.270114408950455
57.06998237751775
56.44703963977308
56.52023568265668
55.16513696493514
55.62707703077802
51.33371150692079
52.31086708075896
52.26916377898992
52.46587346173428
51.881902780322704
50.23064143241559
49.277459542159825
48.21803090384154
47.09521378380612
46.01907864082651
45.69861196212722
45.62886231959334
46.14822284401419
45.11509108968045
42.37401920540714
41.66919736035245
41.66763051723292
42.267685749297925
41.9606529983718
41.95770226029166
41.847998396139474
41.856255883420324
41.82108170065465
41.71463300481813
41.244575133343844
40.59120422251261
40.49178261233615
40.58140652230313
40.22046153745128
40.15644159132995
38.91614810087575
38.524229546952114
37.29158087502018
37.20228546684214
36.79269269001146
36.715715218909615
34.99630037225733
34.42327657974076
33.32492044735166
31.31420587967286
31.394230225418042
27.564907285355552
27.56847955050146
24.705309640202493
25.062708357897076
24.738571158302634
23.53089040244949
23.652737294149627
23.23972087768807
23.104751880740615
22.533583110973332
22.603314889048537
22.574964248880278
22.47062824964787
20.112631066839132
20.109925585281992
19.32714501865615
19.325655792455834
19.278717539688778
19.310764088016644
19.287777375158743
19.291057794859043
19.279363374399008
19.27913880705169
19.29850631799934
19.303635144023588
19.300394942597485
19.299173802416956
19.29301169742199
19.25259499940018
19.25558187709547
18.869236634916664
18.617095425431224
18.640873663802857
18.256413827947956
18.228819348695605
18.09227600180916
15.896386239830225
15.964790514435192
13.616722050028322
13.537481599982168
13.48628068419674
13.511005320813851
13.46091631911106
13.502608033696161
12.722756447165999
12.409925241518247
12.558424002694757
12.381295821291639
12.331926462006804
12.32851190550292
12.285679173995122
12.270759353045115
12.261364275142
12.36995420222479
11.958840701084032
11.92307828847391
11.859227374381543
11.861628863563702
11.875698207249037
11.876361228852266
11.866739316622564
11.862349941337873
11.844467772694008
11.848768560980856
11.85269974344002
11.847477652917123
11.843344707413532
11.839307360873772
11.840731734377245
11.843369052227747
11.85304864647496
11.827473725150819
11.933341911623158
11.827348559450854
11.806927995901932
11.885036883639737
11.914640782690524
11.913180109270245
11.91314649758092
11.945967300383995
11.954692784205251
11.926950959308304
11.936359931588406
11.867511789611052
11.862895263440286
11.88562595761331
11.824563932208564
11.688881888855088
10.897011900529332
8.921338221403193
7.90251190088116
7.803435871274639
7.808460602113782
7.7159441917701805
7.706948694899919
7.67533930844746
7.665353573142278
7.64891944425796
7.655786410444571
7.652378434155713
7.65797455301038
7.65790153874197
7.65789703909763
7.657895496291331
7.656933571039505
7.656885296195657
7.656868108604184
7.656859293432119
7.6568539312873
7.657249682840271
7.659039699599938
7.659767053625721
7.6601902624488325
7.658178526308536
7.657057758350792
7.656711455292252
7.335561629226899
7.334454717345802
6.733986421410362
6.597774175477843
6.565124238620087
6.6652027176740285
6.891480540453887
