536.5663494243793
831.9799038851089
1111.7009034705375
1397.1577842125184
1758.9154631777656
2100.3398500225867
2530.332841159337
2971.700889228907
3380.3677342180613
3789.3319047689115
4170.042759449006
4541.618584158597
4998.868629073902
5389.242562222603
5837.6559573022505
6242.0069445177705
6650.394260758095
7048.533404108286
7529.294874687558
8018.558086041144
8524.794475162133
8641.411097530885
8720.328360722808
8794.732653687326
9183.485795179435
9541.397062855509
10000.720460518454
10495.636094039446
10939.159749833176
11415.237051918108
11933.0358841281
12453.022133786424
12938.528662888662
13383.597099996598
13867.862328616016
14210.180356613628
14596.741531729878
14943.359929821498
15402.136703901933
15555.647110604586
16034.766237502792
16132.22177950563
16601.30884363743
17066.478539042622
17170.412681134243
17317.075754029047
17390.346985504828
17770.185040958786
18251.40681663867
18689.73408547007
19180.384711501247
19589.83026179186
19983.03487323853
20375.429790134334
20822.484552101607
21322.984410754252
21772.258339341774
22195.329387794824
22644.39469318635
23140.06285453791
23604.51491919595
23757.882361271662
24218.89094706958
24624.106418581407
25049.978454517113
25175.1602293739
25271.86567752297
25465.835353005794
25454.44684828214
25844.0923800102
25961.781837282157
26122.583230239445
26229.760916988464
26676.0375332047
27073.934180159915
27461.873570896834
27977.30028926159
28465.126915190558
28971.605425897375
29511.9969647956
30066.07136152321
30643.24359906716
31053.20545973602
31358.917133722804
31794.692161228766
32278.7508501187
32421.017320850322
32461.811855171818
32635.455477840504
33151.33571167075
33290.80967455262
33381.19695714479
33411.5158867965
33426.915856136
33494.41354633911
33546.20363712308
33619.255333347035
33732.05473070052
33739.27446746777
34036.73148625321
34452.29994357149
34498.18678682245
34520.89184411962
34512.25357604466
34551.62749791281
34602.02138339433
34773.598921107
35059.6109828838
35233.7016816523
35513.97660447332
35622.69058081476
35731.31511691205
35976.318803607996
36317.820786441654
36703.80578626331
36800.07819514602
36832.697458508264
37044.53736149019
37205.02493384072
37207.70732487231
37258.02607157223
37716.99911400163
37844.75566294151
37887.43653459797
38159.34148272359
38200.58451460856
38591.73249557846
38730.14649956456
39169.879469467676
39538.73083120951
39642.92869541081
39742.96239211403
39841.161833265156
39929.21092629381
40023.98896692875
40031.26041191651
40056.897371456136
40102.44338976227
40199.43590001412
40287.13847990118
40322.92540172712
40399.41264049008
40540.03760942853
40582.100832823795
40643.44444205848
40734.968924721485
40828.74701880074
40902.77238454473
41003.98702069809
41092.84902206975
41184.22264580276
41530.6472534315
41613.20670953395
41639.82456922054
41731.585868947004
41732.46882922337
41735.64996439639
41801.93483219532
42009.2157152257
42097.788720206845
42123.727961552264
42127.23128302435
42143.21595787677
42170.79491781755
42252.15245982926
42468.34025119857
42935.703929891446
43070.21540924244
43120.31287040848
43209.71380773818
43273.04124965066
43347.48933287574
43395.144463801225
43550.806310991895
43693.59934752889
43820.93638215062
43948.35253963283
44073.93999457728
44075.21087817943
44074.001940883754
44120.81781415011
44124.70887099682
44126.38042794856
44127.26299348405
44127.74187118016
44125.47405829205
44125.76880201993
44127.66734417818
44141.41298456459
44182.083866704816
44234.30512941427
44304.2006657988
44404.66679752295
44478.31535785402
44554.62262867653
44756.65211464685
44994.21112599259
45353.687723348216
45452.03724664498
45452.33583032152
