-3.3990752276420224
254.93717435538008
503.02221302472935
749.5887147076293
991.3689325787955
1257.9011051224115
1510.1779910364526
1781.4732148263565
2057.895307718336
2310.3348910171408
2554.1864646314434
2813.018144419345
3067.096701799275
3326.7401401541174
3571.0056109660522
3834.8310360693918
4099.99020374757
4373.3057479898725
4651.217680878779
4923.207229085836
5195.857914698163
5457.654889077463
5711.277203019992
6004.3969779466215
6307.346173351425
6582.175845389997
6845.740207167448
7108.085426515566
7375.157473557645
7637.094253965249
7891.318689664246
8154.514528076681
8415.6354239956
8674.072205036473
8931.75312631775
9198.406489765634
9468.68046557008
9717.240220877577
9964.581990454757
10233.690449306274
10505.404430268505
10784.791457958176
11071.3006524848
11352.873536204444
11628.430598402076
11875.808682862771
12142.160475482118
12418.32872936556
12677.872145984502
12807.991304904264
13054.21249258064
13172.663292499632
13302.442825028344
13565.135738120349
13711.151458582566
13978.97421840553
14227.886067286507
14490.4968827298
14762.733696483121
15037.92465566569
15316.695791674729
15593.696297933793
15864.616952765007
16121.477972807677
16356.648878762126
16605.27554438931
16873.195558766074
17149.020258583772
17433.59574782748
17715.414659233968
17997.877132105645
18276.430798756584
18539.022503748227
18795.13809983516
19062.395053577595
19344.20241889998
19629.261774041956
19910.81046465603
20194.38029014504
20469.395733662015
20737.45564304136
21008.802098609325
21274.940698147537
21543.665405188225
21816.87040944227
22094.283849578183
22373.48851508624
22656.707680892592
22936.558444038597
23214.33248577192
23491.19405180362
23760.606693732818
24043.562000307204
24312.896167669387
24585.138031597522
24862.939257785278
25129.101521281133
25383.586761308223
25635.656091134195
25878.148997750865
26126.94655266224
26400.689719551105
26658.970211950582
26917.576330532585
27042.210540298078
27283.079980570634
27400.597032208494
27650.394061588333
27790.93677496202
28049.934126294258
28187.622633851464
28313.922203539347
28443.275971922078
28581.2535908248
28590.684080729312
28846.28284208765
28982.83551494924
29241.66199868851
29495.879090479444
29773.733928436865
30053.74239363959
30329.158503272985
30609.534855886493
30869.799104867372
31125.088426804006
31387.70699484905
31657.89314188413
31941.86437482566
32098.081895564996
32375.32471981744
32508.27727937911
32650.0567828937
32905.12817736878
33155.02647206569
33416.079367399296
33677.27906124429
33823.29152937002
33970.48196727984
34110.81967356912
34251.45181899895
34519.23413522557
34666.71089819377
34804.041969103135
34941.205923162015
35193.47638576746
35421.12627196892
35560.510486083316
35804.18384608969
36065.9659439277
36346.63013840637
36633.10649169633
36917.69955819887
37187.431358575486
37444.70001724764
37699.69545143839
37967.292645416346
38258.452261181934
38532.838840494966
38781.807066091256
39044.769373195384
39316.15086813694
39560.69512907643
39806.25256618116
40055.90854654067
40322.043480163615
40576.93510716481
40844.86594523867
40989.47149340188
41190.693107801984
41328.25509582295
41556.681574863884
41729.157919567326
41961.87842156448
42170.07618665297
42385.82382391766
42611.78928890257
42755.459571720174
42923.090451774115
43170.96697637927
43419.04920760774
43658.477651397
43889.00005865505
44135.67038509537
44366.46634082544
44512.09658814185
44706.458114535395
44946.57831301829
45193.46958672959
45397.98963265209
45571.774688533646
45814.575151894765
45922.8096092697
46056.726016626526
46276.489422142746
46462.23750217751
46506.31704805912
46612.28446894111
46836.08745542669
46967.31838567706
47093.108126961415
