536.5663494243793
834.4455370442085
1139.1126876176447
1467.3248449071168
1772.9963147648818
2183.0004102876396
2528.3752088607434
2938.734394218435
3385.8275644324212
3777.5305490920573
4130.819291639377
4575.323352087518
4972.669209926501
5398.382105594022
5765.1062051670415
6219.635395827264
6670.483122166317
7133.013969311256
7625.687450811436
8097.144288332125
8538.83046267169
8957.341747774572
9354.165434163722
9859.781369639728
10400.124318329415
10900.062525484042
11377.250562839296
11828.01148232986
12312.213405497505
12796.636745124708
13247.106125854647
13736.704660587933
14233.632497129265
14714.114739220791
15201.732319994826
15669.477964220061
16179.501141394465
16588.11192305457
17009.54672843656
17520.926368566597
18031.721582910366
18555.002067348527
19090.84832202012
19594.03027632949
20098.405815387145
20524.97219952188
20999.82006319032
21484.19153938713
21928.199620978503
22032.685161522888
22482.30307388645
22556.678985771767
22670.17140307252
23145.846960391216
23280.724589058784
23740.85221924192
24172.72883620044
24690.57725523832
25217.048190298938
25753.433781434647
26290.975599603873
26818.77848437708
27332.50295867152
27854.251558545184
28327.545291913397
28808.83287890312
29346.31341911992
29875.930325571462
30433.036932531217
30991.67452647915
31533.02744843106
32096.801614601383
32630.518884450208
33122.73004196483
33648.25120166676
34197.679470261566
34762.92376263133
35297.39016771323
35847.89808430564
36362.035104026836
36870.44060542494
37405.17264656334
37931.57313653479
38472.73435118852
38921.19555453897
39454.21613514863
39984.20731563248
40543.060889372886
41087.75210055242
41632.92527999935
42189.18980608343
42703.704084633515
43252.765195196414
43710.319496366
44126.28166667434
44505.11412768224
44938.29342642623
45408.61958078593
45858.08506351793
46183.637164326334
46509.34810315717
46985.110731214125
47442.436798932096
47955.31880550429
48055.68470665774
48389.068321998784
48454.65125577004
48902.162779860846
49026.0599939893
49479.22676221547
49617.78822156903
49699.43805751934
49789.496574133125
49912.76358281159
49918.046865853314
50294.82168937895
50402.522441261484
50859.86700641521
51331.429356771165
51894.60396752904
52465.86487382368
52990.55895880429
53513.545565628185
53930.5107590776
54322.883846170174
54823.668152308666
55382.28259536032
55902.1848624358
56058.21477222186
56574.156650470635
56688.64967629358
56836.40526670647
57286.419615021296
57737.476674914695
58164.319285331396
58559.15756600583
58700.049642406506
58845.427295931535
58952.617719575675
59076.05426105399
59563.860423249025
59719.76856357266
59825.007589797126
59941.51982809514
60341.59608281622
60533.568805706265
60600.84761441101
60894.83575834353
61225.772550506306
61730.794604199466
62231.980836244256
62781.447464778066
63354.13874317634
63883.27489156465
64418.23817105751
64886.03676892469
65434.930446501145
65949.32752537804
66420.24543198537
66935.65524541102
67482.64393410944
67839.99379718916
68195.26254491032
68557.93835531051
68942.00854565868
69280.83807614482
69651.79064994815
69727.70817311689
69843.7208946451
69887.19148838843
70220.47893373018
70303.33920137185
70587.45116679257
70708.85736809947
70950.53182424461
71167.1022722728
71183.6656317399
71261.47820509007
71628.35421398001
72066.08477308968
72367.43520200845
72625.55622704535
73006.49458883853
73205.2898307571
73286.75574618901
73390.98166788115
73655.60056698164
74022.45740457263
74123.86551935288
74246.24724679113
74520.89547180795
74561.43291022145
74599.78959047385
74866.55282333365
74976.28720501046
74991.9517654775
75026.84607602471
75445.11794990441
75566.84610306639
75662.42389520296
