-3.1131256039589577
131.69097827334963
264.8546058807418
510.9270722534121
769.1642383783166
1027.397191081629
1284.9168235520074
1548.41038738631
1821.908480481601
2089.299329229975
2342.465438166291
2598.720198995391
2861.7105568897878
3121.1495522882483
3381.4081441182298
3648.779777638527
3923.903828799175
4203.861130158613
4480.366108179135
4731.480335915981
4959.572557032991
5146.777066846175
5232.380697275449
5301.414803292209
5519.526684052759
5773.227735487486
6034.927114541658
6281.85965231749
6539.8030075358565
6782.817102202475
6994.332057221222
7215.101514783289
7407.388097207915
7525.254182638225
7728.3963764881355
7968.8151438490295
8217.60850229713
8356.130672191308
8585.443555368232
8670.302800846432
8823.995859419172
8944.114772758647
9083.327037828907
9326.479542857782
9596.156559061095
9868.561256768247
10149.404142261406
10431.085985957056
10665.644934477988
10762.711222445982
10833.145415011915
11021.736322220244
11194.580457739226
11360.58809478155
11614.661844858085
11876.545111707519
12113.803207704821
12350.54044734942
12602.159411311393
12844.31455918633
13077.546935979315
13314.07513584809
13553.247995839367
13807.00468300926
14068.94352302901
14201.468449805805
14330.03363830435
14459.463125087037
14594.04465182304
14732.58868778906
14995.733123482152
15263.280756515342
15523.484791328361
15792.944333258121
16056.884002440554
16309.781153647535
16490.523384462045
16647.835821156274
16888.473195182676
17132.34309629207
17365.55521014628
17600.05784129363
17836.13151526819
18071.77390101113
18319.767619046685
18569.54154035086
18848.251000566175
19124.034621914725
19368.427073256153
19609.19827103725
19864.47685918308
20107.822191053507
20335.500220405793
20579.16611884691
20835.43548981893
21103.77114491165
21382.73463683881
21649.3946465498
21907.711220766276
22184.11597446146
22472.69633353623
22744.82023276474
22977.32621216497
23199.69979908571
23352.503922718268
23423.991000793576
23491.433992805927
23563.17848545985
23613.136099153977
23660.995474493662
23726.74964844163
23802.773386828903
23892.967434565973
23985.955121522627
24064.981668176104
24146.24743464647
24245.79215959553
24348.205557793055
24419.84964806205
24465.797712378033
24510.127844906554
24524.45072239554
24537.069095108087
24560.756798242957
24576.92165616492
24572.021513975746
24578.032567998558
24599.072588619234
24632.11999530548
24681.53194468853
24724.84756896922
24752.948927214962
24792.518341136463
24847.07614690898
24893.83015328304
24907.132115968772
24923.182119565947
24940.408736234764
24942.814773719885
24948.054383630082
24960.236086393008
24954.3127148671
24937.571512639122
24938.502686583804
24950.930162195735
24978.80470031403
25017.8194280686
25041.976032337283
25059.314716702476
25093.8529623142
25137.025804626068
25159.316142473806
25156.508328836535
25167.126628319995
25168.982534573635
25167.42633174287
25175.898086840545
25183.383147246077
25167.985178675997
25156.01672856423
25161.363926463273
25177.544482070254
25211.212484162723
25245.896887936702
25262.884733330397
25284.773442629277
25323.929919367914
25362.55448996812
25369.8928335291
25369.780463860654
25379.4219288176
25375.295057234394
25372.865793919693
25379.305066613535
25373.80660862935
25350.31706567207
25341.299474201984
25345.78000296576
25363.628458856496
25396.7975564031
25420.075391742892
25430.481396042713
25455.048960744443
25492.441105249745
25517.11271902333
25510.33767331272
25512.77381577466
25514.08033571246
25507.26652480206
25507.7554859751
25512.514198844372
25496.294093528315
25474.74038341083
25471.434462174664
25478.94140252527
25503.114318566128
25534.952483397305
25549.870768510827
25562.403986221743
25592.803217862587
