-23.474606652959594
-41.454831507330724
-53.82060716654482
-77.76678002812186
-111.59880300107434
-145.75741368368062
-178.33805800021085
-201.81260439619868
-205.22968640237966
-219.73137762300195
-263.70577596521184
-301.70753165921536
-326.9239928359044
-355.9141745114691
-385.8589387686922
-401.53918882898165
-401.7974167029093
-391.1952438031031
-382.45085958064715
-395.38477684118413
-431.86388327562776
-470.4907470710922
-498.52326804136436
-507.3979411751328
-505.7291299534469
-512.7604767434863
-529.9327094368399
-552.812102940873
-577.5899452645608
-586.455048341712
-604.0145430690923
-613.0233977568699
-638.2092787035688
-670.8696832107635
-699.9793637213569
-735.9623153956247
-757.2372527567791
-765.1338896760789
-786.472830257812
-806.7625430167839
-800.6920624430132
-789.3456844123125
-789.1676802603499
-778.647068681785
-770.247057363476
-761.742694913645
-736.5134955643122
-704.0200908018617
-675.279728379333
-672.2158392403908
-694.7589231465096
-708.9394185753237
-701.2705491222467
-699.506872397179
-677.4581814094967
-652.9422578497727
-680.4952626328882
-709.8683021633962
-709.6218587638682
-728.3198839078815
-764.8647696062427
-794.818186032697
-819.4823408881806
-830.2002198116242
-829.5178637325102
-839.279195233527
-856.207721389821
-870.7654579508819
-874.4917429839173
-866.7349536458526
-847.3565484166958
-845.6988906181844
-841.0718719537322
-808.1054638598765
-783.5002191873612
-769.7333464953825
-783.4193405894356
-824.5567919125414
-851.2881421747563
-870.2643846834388
-907.3226771222946
-941.2938802562636
-987.3681873345577
-1027.530403681605
-1050.8383358260269
-1062.740740407475
-1010.4547626184235
-977.269071428517
-999.9358020800015
-1023.515668990947
-1031.3362018989228
-1067.850152765057
-1135.7150648555757
-1171.637186568212
-1182.2018044291472
-1164.3942796361252
-1118.1450828016427
-1095.6993748152533
-1095.315358541568
-1064.0666147050104
-1009.9907164870783
-987.2607417392929
-1023.6436831934974
-1036.6374502988194
-1055.4062828626797
-1086.7526999648874
-1103.1587352160884
-1114.611976756788
-1170.218753754252
-1230.052211673581
-1253.6159644504053
-1255.8331091040757
-1223.5667985342604
-1180.2791626337003
-1172.2123590285055
-1163.894338507496
-1119.931429142982
-1069.165352749345
-1074.3680563160844
-1108.6324544371064
-1116.0036508422538
-1143.9611951944803
-1171.3553864597368
-1181.0971974191323
-1205.9685344884804
-1272.9779133903548
-1318.132118739616
-1333.125039320143
-1323.835698347002
-1280.563563047342
-1248.7952710387976
-1248.5291497149597
-1226.3237190672078
-1174.2423927533657
-1137.4768162092837
-1166.4523305553562
-1187.4541647860412
-1200.05735372158
-1231.869175696796
-1252.841113171345
-1260.9329391114961
-1305.2565495146494
-1371.2193896190156
-1401.8320889264467
-1409.4278745168087
-1385.9028991427372
-1339.633999983869
-1323.195405832977
-1320.7524136348377
-1284.122776925442
-1230.2407871641128
-1218.0506044325796
-1255.596019720179
-1265.0506857286866
-1287.8148441850126
-1318.0078359280799
-1331.5416878882236
-1347.1240507344567
-1408.4906296223087
-1462.998845516901
-1482.868270082937
-1481.0223933740147
-1443.7760685403161
-1404.1466786619553
-1400.1804984894072
-1386.858087518834
-1339.10034332132
-1292.3983916126533
-1308.0816505030969
-1337.827699881564
-1346.1340625611215
-1376.330693732992
-1401.4499740132862
-1409.6761342674731
-1441.8071577524574
-1509.9240952425005
-1549.096130177428
-1561.2661195441951
-1546.6369776652907
-1501.0661278507887
-1475.1676938236042
-1475.2773817116797
-1447.2530715416908
-1393.5999449267397
-1365.3683028655203
-1399.8436621924832
-1415.4739062199053
-1431.9207954937988
-1463.646226445729
-1481.7250733486092
-1491.5226946160587
-1543.2844994315396
-1605.714680783165
-1631.646028288888
-1635.9395928366534
-1606.7544485023536
-1561.9747943224422
-1551.097515741337
-1545.232926517378
-1503.746140010556
