82.16597795857055
82.66008894894307
83.12412434689709
81.78064871823616
78.8225761141079
74.92319129535647
73.75893789509242
73.294957055596
72.02414738153192
71.8654886834964
71.49937881898802
71.88589331510033
70.53340884254129
70.71609800312895
70.67168708865306
70.20836558162969
70.96663057642918
70.39786818684038
70.15304096802397
68.79903318688906
68.39860451855382
67.638512392582
67.29024364416081
67.03997513053515
67.01563762654939
67.02777297138374
67.33286910836732
67.60189229268893
67.51957693408237
68.1972127580087
68.09254784085059
67.41633458129921
67.37191119751442
67.15707960565054
67.10212190419671
67.33123650799727
66.66202548476299
64.28150439845025
63.670684748960966
59.80441844310972
60.397174117153625
60.51047622992307
60.27009968042658
60.25729737500219
60.18526843881208
60.167958247570986
60.01303978378815
59.95620882450901
59.642364945875144
59.51050870269926
59.51982800885409
59.5045488127839
59.264487841742486
58.173020133544085
58.74464396925505
58.05333213295295
57.12540747593291
54.63960915005879
54.60269351885967
54.431792308861425
54.14249493524183
50.783539749782314
49.82594842855555
49.739453366010096
51.48162758648921
48.06193081425272
43.25496607917367
44.39587144620989
43.47993570791989
43.48386522574219
43.486286026731705
43.692549731143735
43.668784915811656
43.6686172325104
43.79485643406169
43.79779182852111
43.45250838968019
43.45613249484138
43.183494632891225
43.007869369790804
43.94654472903686
43.110965022076186
39.95026074085452
39.925289746296116
39.92333924823935
39.95514998658554
40.2382908377985
37.42685432486885
32.22018506870887
32.25767815408849
32.36190779915898
31.948087696006336
31.93770662918423
31.937513498073823
31.803669690207926
31.807315816425593
31.81104776473509
31.810790839813567
31.810601418959653
31.810108156816273
31.81009686273522
31.810092983225363
31.806195103494197
31.792751093721076
31.671462860085523
29.88646626220124
28.090290200865446
28.262668993625535
28.26864775407224
27.466795409168164
27.149127705604027
27.150161558029346
27.349886503673442
27.361658269872876
27.317396630274107
27.31808483191155
27.318180990069465
27.3035591874459
27.29958857412657
27.29953928641161
27.32761409374218
27.63644783781188
27.288042953943485
27.50202944199636
27.130475932248984
26.801098701206087
26.80280094501364
27.03369888686025
26.99910899336606
27.039819268713824
27.027234317214564
27.026889565270704
26.734320045715602
27.06683014450458
26.10878381734891
26.09758171566973
26.09958850891393
25.856680053127228
26.034290117885124
25.105041813499454
21.56264907354275
20.218230021992134
20.400521713931813
17.71816317866802
16.473285867121227
16.543027523840525
16.523328197514
16.52275389381236
16.452673325934402
16.55061000375237
16.553156607744814
16.622692374070347
16.277089822729266
16.08142261024687
15.83980091612497
14.145504269623764
14.154191306335436
14.154699077214568
14.158948033257193
14.161242615273757
14.16126953206642
14.16127957598853
14.193137052219104
14.190102418915119
15.843757867721292
14.444778418824113
12.39449211759509
11.923735318699043
11.800357465748318
11.797203261609022
11.790023559728157
10.952572178592256
10.938347337622815
11.071510847675185
11.287090978821164
11.302318654471899
10.39358919100551
10.459341517668465
10.506410534798228
10.509871701281856
10.566214110271616
10.292153195348549
10.19564512467283
10.057714336042707
10.03563082219824
10.02292582176192
10.047391251257984
10.060171774816197
10.061043265436872
10.063826058244166
10.065028717977448
10.066949672666654
10.067604017176649
10.076134372089701
10.099948988148581
10.09087909170809
10.090235558715278
10.081882960240025
10.074485837880507
10.06709202130164
