-24.348017130420146
-44.061951954285654
-62.193571357343956
-103.66773217570186
-121.8713569479299
-129.80817434840242
-161.79101744163881
-162.24123076108978
-140.86076440509376
-134.89747416020649
-149.65739325037467
-185.37672715114738
-222.42008732351408
-222.69971546993918
-220.79989360362737
-222.65307171340052
-194.86762610560115
-190.2705810007708
-227.54586832753552
-271.62125550584636
-319.0025318424802
-323.74098477314743
-294.18870150517205
-263.53232699809774
-241.41220136356418
-235.07268600809587
-242.0391383943969
-270.97917287659277
-300.06993779389245
-311.11118072066
-324.04417116484154
-332.76405457722154
-364.7783046389389
-397.11394080031357
-401.69960873967193
-403.95264770334126
-420.496415200591
-429.8576793746464
-442.524465351812
-466.7356699512914
-520.7334849304167
-576.3676822299043
-614.9377779149207
-625.668355780473
-588.6917785648826
-546.1125723376309
-561.2386728695355
-592.5000028264748
-594.4763003950476
-604.9947543452766
-616.1459025163027
-617.8733570137891
-588.7795973365822
-573.2335459688463
-569.482517660837
-562.5537110004163
-562.8717829449344
-565.7024637455022
-581.6095424949042
-604.2683448338714
-644.3255055641517
-693.5195151706491
-724.7869378951195
-753.8462673573315
-772.2726802167468
-752.1451950185389
-710.2920628402802
-666.9622894580596
-628.3038665803438
-575.06498475664
-540.3026489005435
-524.9011842092232
-509.4997195179028
-494.09825482658243
-439.36373501545495
-409.872534134641
-401.0749756824639
-399.0957215049405
-396.45202706808834
-383.63554801100855
-359.45392989073594
-322.86176025725933
-280.6002619919784
-245.28220313095323
-212.17258457633272
-177.35030291618557
-159.9977430814818
-137.48597925470625
-132.42548835313548
-132.52420144363612
-132.29456007045636
-128.19428602948764
-122.60961222532534
-127.8800716141112
-146.0354219128322
-163.02412888673882
-173.22167926508902
-176.8934774292949
-176.95140211347191
-206.89267694038014
-233.9718788676637
-244.01227808469673
-243.58202541904652
-237.28139310263768
-231.41101345187906
-218.92380448892757
-208.50718680711995
-204.70739843750516
-192.45331463994643
-172.9732511599776
-163.26299211359668
-188.30817956881614
-212.03785801839163
-266.32773395090703
-316.37716810024324
-335.8664047666395
-369.42891402618767
-400.0342956571093
-433.1470033681342
-456.8250216966047
-463.92244135182
-478.1706697974414
-497.3003924424011
-509.2793062969547
-541.0111400924127
-579.3325418144029
-608.1955359239284
-619.982180030378
-621.4743118083878
-617.4297050460622
-603.6635887226261
-589.8912259938587
-601.2389414881204
-613.1780288974709
-636.6262214813196
-648.1353266558178
-669.7043904930697
-682.9138312899323
-686.0633134240413
-687.9379099068967
-685.4590936142362
-694.759658490501
-721.2430264535388
-737.2218988989049
-763.328943480374
-780.7347192162168
-788.0123228159564
-800.0237281315034
-805.6867836700417
-809.3845964822191
-822.1589331757908
-832.1647108799161
-848.408464599884
-858.3592777661896
-862.0721149166525
-865.6894771062681
-861.0885524817622
-851.9365000526229
-834.8823687289441
-824.5528550535382
-821.3466232472628
-822.5813815587227
-829.464090307995
-846.4480945141888
-857.3549846834306
-878.5489876307937
-888.8361004089138
-899.1232131870339
-915.0722754834089
-923.6696203615061
-928.4035882348173
-932.5381687033195
-934.8741766583522
-947.8051995516826
-951.7150451478101
-953.5333905841554
-946.0535575951246
-943.3941478313089
-956.0752414166536
-974.432634996712
-982.8378580568605
-989.310117379867
-985.7520559803195
-984.1269583179127
-994.7903598386059
-1025.2493730353426
-1056.0998579452255
-1068.7798288414747
-1101.955664897102
-1114.0461134578288
-1100.7910039791864
-1069.4417220723108
-1052.699491905974
-1018.0774655437607
-1013.3579385431791
-1011.9548060823886
-1021.345235344008
-1029.3885590263017
-1031.3578479867697
-1033.3271369472377
