8.817643340935557
177.4935253804028
484.3107616117475
790.8800471351135
1094.067644556621
1400.7955417182523
1695.576244917978
1996.4217256642007
2302.5263990976982
2609.1852705256674
2915.810332743904
3219.0410478447047
3525.7932458427786
3820.8223299366473
4121.7685236555235
4427.954207325549
4734.710318458907
5008.214840936524
5295.055826301705
5600.157438800185
5893.81698626546
6190.844509363506
6497.066148725668
6803.756803724882
7110.547559618083
7417.434515966432
7724.404963777991
8031.438723206743
8338.510859869384
8645.59742253343
8920.327181644234
9137.988779445994
9293.665415955858
9494.633676660213
9797.33980557866
10104.436634023758
10409.729922326193
10713.900835535249
11018.02810240319
11263.095825474134
11456.905625197784
11711.908292264216
11895.539889414327
12010.749375294507
12184.775914115495
12425.796361564533
12677.666221436566
12964.060652049016
13132.787196883224
13301.526242046384
13464.135677687154
13735.741008285437
14010.093006634446
14273.650966958408
14507.05433912712
14771.45557931513
14930.723419702894
15231.072630312128
15537.6280143429
15844.25698218791
16150.821914432147
16457.332829668485
16763.809729080003
17070.280207866716
17376.77564534633
17683.326378943442
17989.95696675061
18295.365442801685
18602.1971290653
18909.06834731018
19215.89312590122
19522.69327611523
19829.353067266224
20132.818927059678
20430.008301935854
20690.43477945329
20978.801614664542
21278.41215969044
21574.29232144133
21864.953944052875
22149.399887813157
22434.746744206415
22727.98614864334
23025.279321037306
23298.29176152323
23585.032902684645
23862.271656658544
24115.621436149377
24397.897953368763
24704.17015183149
24861.479577447037
24873.317308935988
24880.242152809675
24888.966555211686
25048.93131914076
25209.049715892375
25505.641235375242
25663.343119891575
25904.738034318976
25919.1748643007
26052.8662223806
26181.7405801142
26228.013626421318
26246.957172083836
26334.064195008148
26573.902806448732
26834.31537039932
26997.603614977575
27290.250337503046
27598.069923648574
27666.641040374856
27827.581341522182
28114.109998781776
28157.25635328324
28182.397732627436
28217.229391335466
28265.930547475193
28336.250347199977
28372.214736331705
28420.650310000652
28510.93896781272
28742.002789338218
29005.058466142214
29196.66350897373
29360.38662046108
29503.424121092696
29652.93510531473
29801.097038251886
29955.19394842159
30093.536126070132
30279.328357886265
30283.928459675157
30291.625207424688
30305.006000096444
30366.528480749188
30381.297587166566
30383.324744658665
30450.582526762384
30470.676476135035
30575.711504079052
30630.42004326707
30791.17276208727
31066.395520442675
31249.196897317383
31298.0144425379
31493.743186627722
31707.526640928227
31842.1834022334
31867.54466539692
32028.897421962465
32171.271538319026
32259.047323893516
32317.961168582293
32387.369188931545
32416.262564499702
32445.340985375024
32510.74764425169
32528.76839072396
32557.915193976554
32766.363431740876
32847.5425657966
32883.95103193001
32905.52371914434
32965.950312589426
32996.36781157977
33103.88777972727
33176.89323354883
33196.24796823623
33311.16950555987
33472.235502082054
33773.54043658978
34079.683713427235
34385.97267467938
34529.54485667894
34831.72602212052
34852.23961206004
34868.01932320914
34916.80228955723
35011.91618284237
35191.629244680684
35424.612265525975
35640.61595748428
35686.14082406878
35697.633591223246
35861.98836692301
35929.426017395774
36047.86384522172
36169.127542015805
36264.5962396538
36466.620934022234
36635.51776401457
36931.794517038805
37160.642790808815
37343.054039793315
37449.98997827203
37596.29803492119
37785.28931067984
37978.99893733504
38283.09381908147
38589.15045277892
