37.68073980254228
58.33714951687254
64.79912625935717
85.49648375505848
100.66311205408681
103.44281047072799
113.87982348291749
130.08537508901478
115.1074666365349
81.90365162275654
32.112813450524875
13.300171487283151
14.496594720162776
4.127335630021648
-11.636391596814697
-66.38612008648103
-110.19577085130905
-123.22830913585578
-141.13524179213172
-138.29950517694223
-132.46893817749952
-158.01360542042752
-208.61482348016483
-219.649440145712
-228.91548914655016
-238.29393772336746
-233.96803518303096
-246.5027480866689
-266.97080673742823
-277.14771882493056
-259.79773961362673
-251.66503839446645
-249.55344715720665
-252.15753250519396
-259.8463052020155
-248.96438512240488
-251.3647566066108
-237.4349384619106
-241.1594852562121
-269.02962072744594
-294.0025371351282
-297.6688630268369
-266.16282486328976
-255.95783356618844
-247.05153993171493
-246.6511805996558
-252.1558743981441
-253.3862358902944
-246.7807554753883
-241.8130318245317
-236.12701220935057
-228.43022350406642
-233.04061963575143
-242.72107704490566
-249.61442092689984
-258.7923584054404
-264.9870922069128
-273.31088569977726
-243.39663212167565
-206.68229681447804
-180.65305320457372
-180.2842639711425
-185.96415051406632
-181.44105592411134
-132.01676094725636
-106.5599106631256
-109.84688664294752
-113.73599073581431
-99.5346703245396
-73.3831990662817
-60.345108940908936
-40.67340931705802
-15.22148859038823
-24.383946084573694
4.125548425960673
68.42082857238739
93.94084677147308
60.393762088138814
26.047710082201917
9.156050818872274
1.849151443794102
-20.545999461743833
-35.695649899033846
-64.95572213397739
-87.03014763943756
-86.16784938872506
-66.34575460847111
-51.207718077681506
-45.03761088510757
-59.17597287372805
-50.52409552916674
-41.87221818460544
-33.22034084004413
-15.916586150921521
-20.198617377177456
-40.7682949654407
-61.58512608252357
-86.78636924078916
-138.2086057743948
-147.2536442477361
-141.01102159250522
-143.56168813937484
-163.18073594467614
-200.18798118951463
-225.8935121169659
-242.31670590689302
-249.3931696252953
-263.3698069322936
-284.4021323125533
-294.2331814617587
-301.2308963460571
-314.4654224543937
-343.09331685990736
-367.3660398731613
-393.4681543641184
-408.9877114860449
-408.53169867447974
-403.09093812851677
-402.2261379029984
-411.7358063932843
-425.74238544109147
-444.00853581425906
-439.8673233093253
-438.27603001337974
-423.3237605911089
-440.31127825736263
-470.75935694340524
-495.06230399816116
-511.9812658516786
-523.1270187613516
-553.5782345026572
-572.3716931119625
-599.044527634694
-614.5214507060319
-630.9817184093117
-631.0313466667474
-622.2858030597465
-614.2143663813563
-626.6178076090382
-647.7176000208292
-663.001199962134
-680.0473871869376
-694.7985721566296
-714.2454310476102
-721.8808762840223
-731.9006832919121
-756.2397238937407
-771.3465597069893
-783.8037258100276
-810.8526186189365
-848.5692910302739
-881.6835402027826
-913.9158822348666
-923.2982194957597
-935.8980950242994
-945.778598395902
-960.3572813379278
-972.8290341498217
-990.3647377406694
-1002.0973678984495
-1010.2433347837155
-1019.8885651016274
-1027.6809546737923
-1044.4859137608673
-1070.0499802401441
-1095.5551588472135
-1104.4688572500556
-1109.283488533503
-1116.755605617324
-1111.2066557831913
-1103.9797617252314
-1101.0787193569058
-1099.1163644117503
-1115.8517409930341
-1139.8031612200355
-1151.5952573252996
-1164.143841986353
-1175.5680539313837
-1191.041137092564
-1178.87340234056
-1146.8229409964051
-1114.5426429951026
-1112.1354664778728
-1116.59690950695
-1112.4309531232952
-1091.2423218681806
-1086.295631381549
-1087.1408817606914
-1076.012918888659
-1061.732291594234
-1066.2632977261187
-1077.5756895516165
-1113.3828752446718
-1135.1556221863714
-1122.5496063455737
-1103.5550526160876
-1067.2183289503982
-1044.0650420740244
-1040.5161977736027
-1036.7652027312688
