-3.4833593328737305
129.22093522577956
257.8986367519823
494.49907915771604
742.0253465028097
987.3548634990316
1236.5952840340155
1500.9946009734226
1773.7781728688894
2042.7201824564772
2301.7734675125366
2563.555147410532
2836.4977950196535
3101.9396343602857
3354.56947911603
3603.4519710397894
3876.038200553554
4120.393370196178
4367.820089857456
4619.186363706362
4886.474553106431
5126.139525870645
5338.990044520004
5488.863090767925
5746.219438188092
6012.203372932833
6280.492997649879
6485.480435067924
6608.392275730335
6807.043632345805
7003.279860304229
7099.713965009911
7197.594247119979
7404.754137860404
7650.794559707618
7917.734324743682
8174.34453196229
8429.582060985427
8682.639816469025
8925.05072532288
9166.106530583671
9384.990162899056
9573.201515578397
9764.501330684267
9896.74359758937
9977.017685494364
10162.09539730468
10359.396621543161
10572.012808460004
10743.656919004572
10856.358747491522
10976.67630920863
11215.01168120814
11461.210948722364
11718.921793823767
11965.661076336857
12224.640480300335
12490.982773573562
12753.03683539593
13016.385424753218
13266.380426335876
13502.062436964858
13742.856994314503
14002.789228244555
14253.345187585903
14508.786284977226
14750.02716396112
15005.7704905633
15145.050215791522
15159.015253148795
15419.35583694776
15548.047119608535
15554.404490760253
15690.452450957238
15700.399949782972
15835.64939924227
15972.408960722727
16105.031121398813
16232.321473026468
16358.9119180735
16489.26143838487
16617.434970966126
16625.730117352272
16760.59866778501
16893.544855917386
17024.630981475762
17153.35369863429
17381.547283784443
17613.59340208875
17737.988121137652
17861.730645940537
17993.110812520645
18008.166510556857
18303.22869269497
18459.10541169674
18602.92735068865
18733.980246639658
18863.1239734014
18992.575792850555
19001.030119801882
19004.575055477202
19137.541597827243
19272.92135256802
19411.04253396537
19554.59950659965
19709.60070633679
19869.781031700582
19893.093311193457
20054.67487944559
20214.721673894812
20234.74771552618
20390.67213446036
20545.34138120393
20690.104071962553
20828.5286884913
20840.4812520883
21107.104099832053
21247.364868399767
21260.317903420266
21394.371411744192
21527.70359371781
21657.953389121256
21790.587820116918
22065.111251063136
22201.998226587035
22210.888688679635
22340.691056928557
22466.611504354867
22594.428010727457
22728.10420677604
22739.040216364156
22884.406621185626
23031.566392197383
23174.814524607107
23317.82394354826
23332.47237974062
23480.120875276323
23632.21944910351
23779.047781094036
23911.161670771573
24034.1271655942
24149.249715468486
24393.07205177739
24512.496370272103
24630.152322855727
24754.753462846544
24763.573660069833
24895.949753441357
25026.59585162216
25031.110477365197
25150.473866228403
25268.88862848479
25395.39253801057
25529.060034045007
25792.53315407102
25915.986579702498
25927.69822091698
25985.15039961143
26070.6559605656
26076.341823771287
26077.154118891434
26180.87143689169
26301.29706235753
26429.730278472092
26565.74473629647
26709.66246396386
26840.849514047095
27094.886826117814
27226.214470144445
27359.310210598094
27491.600148874124
27500.439057717616
27634.588712431847
27768.19751244214
27774.753542227205
27907.97640778906
28047.98644565429
28187.236328042738
28326.644165107537
28476.861365044955
28621.082053194095
28753.920993480075
28853.536260033274
28870.21315927361
28942.351893656712
29000.74455257137
29055.89305629509
29061.604637628203
29094.686893076156
29100.706651771485
29128.643995140563
29137.23568098018
29200.020814976528
29247.502399586465
29350.731447083792
29360.151325123716
29418.499461241667
29445.365191922938
29500.97300977834
29512.013974898822
