-2.943746462927308
145.63067951721507
417.6865669911749
654.8784929728673
914.4915513991186
1197.0095373320783
1451.5846291112337
1690.5433530122268
1959.1578345102641
2227.480643505378
2497.6259473950513
2767.935068764584
2879.4862744245675
3131.119705820622
3368.8039817165795
3628.9221808153893
3894.7689496146213
4143.796287853831
4394.6170336609175
4668.469261434368
4944.877919592862
5187.613393846626
5439.733291214646
5678.798059238729
5949.78821191849
6211.618974644207
6493.722321047597
6775.724249004552
6971.266858780142
7097.162119376089
7306.521103896931
7546.465218805663
7776.129838810526
8041.335569738039
8303.314722678553
8551.728857560918
8826.107504460682
9067.00536397039
9328.54529373445
9588.969242834157
9863.15114744202
10137.856033253804
10408.405043308307
10694.330184914546
10978.785014896517
11221.929527605529
11427.318557965662
11566.998937881783
11773.238607111769
11938.06536355132
12152.964651092649
12346.532924653859
12531.326716994374
12804.59369227966
13074.899065822177
13354.869554531771
13630.77521040436
13902.306353996648
14183.026112664982
14466.04715141706
14741.722160530106
15025.01117764728
15316.38865608818
15603.15745088119
15878.336660302475
16177.685100019176
16483.46577196143
16766.962648366083
17035.772496678404
17312.122347483477
17596.179095572472
17886.16632399903
18162.14306948027
18420.171770710906
18654.220908005896
18913.620914759344
19163.164717673648
19409.951682751696
19523.107862497494
19731.110763074073
19928.502144148828
20142.230834909587
20381.90675201333
20647.44890921433
20934.409317386107
21236.056191277552
21532.551480415907
21808.104657924083
22073.11285223472
22329.597241711763
22585.546597905854
22811.103172940933
22908.157534749873
23017.153675652447
23188.84983274937
23311.29601544856
23487.943229646193
23560.39915937988
23757.59866333038
23988.739109096667
24208.578135744374
24349.405105479942
24515.81199612062
24722.021828207377
24933.31942416342
25126.43884553915
25298.371575993726
25461.888569248757
25587.975011932154
25638.750745392048
25654.10854564417
25723.84791119502
25820.954472848
25936.38797987398
25972.258940427655
26040.08585681089
26145.468849008394
26211.854178154106
26288.730972949936
26339.648872293863
26407.568418470033
26484.118579972383
26543.386142393516
26587.06127736691
26617.62965127402
26646.138214995775
26663.261622917977
26668.26460590569
26729.787173698947
26770.547511057066
26786.777744418432
26791.473329667377
26825.699899724583
26850.164543663876
26897.607735079215
26943.793296063614
26971.439972458844
26989.311831837476
27002.56379533086
27010.152907955893
27021.36713387117
27037.865558599664
27051.563798784624
27050.268806921224
27058.648920940577
27077.574201841137
27088.732525803312
27078.24346599073
27082.74027327277
27094.264068417047
27114.212885470206
27147.906063104834
27176.138742341784
27192.62705864359
27205.405783843282
27206.24041958493
27205.77547554472
27217.948308392824
27237.617177784985
27253.065516443072
27253.01715223411
27285.97435670782
27333.66391792529
27375.74405676858
27381.880224953766
27384.366632073143
27418.29253744514
27443.988949653543
27481.41563275856
27510.135923642007
27538.45612924083
27566.80275776204
27586.90226173216
27610.88149429389
27644.562147737986
27670.764015085646
27678.18841069832
27684.686647775194
27700.21005895236
27710.51803801531
27700.495597420246
27689.882225721554
27699.158634567266
27712.456895909378
27752.842188517046
27787.094754016885
27799.60743197127
27805.78882861977
27800.96652596485
27790.330416911005
27789.12905317048
27797.57133826023
27808.883627421772
27808.91049313785
27820.678494448177
27836.41766861247
27841.41751777985
27828.926283811325
27820.192727227382
27826.133986035842
