79.00685795093895
79.00771475666073
79.01561712051489
79.43112826495411
79.15920306747348
79.13450713556162
79.27220521602958
75.47457965922021
75.3405789475479
75.31887165242725
74.6347810955377
74.1546533914037
74.15177455990724
74.15222203870044
74.14785248008342
74.09672046152419
73.66348052811254
73.71416071716527
73.59644627247245
73.5724314200624
73.54251466795732
73.66253629020632
73.63741656443895
73.4635794577871
73.4270683442491
73.43705393637894
73.40778996163053
73.89382780664674
73.57221086849977
73.52136581595516
73.51923319759085
73.43713167750256
72.79063097936444
72.1304497315047
72.14568754295152
72.13692839221343
72.17664508243094
71.88847171434965
71.97584590134656
71.80537452180762
71.82906025212775
71.90549791768046
71.94310070885716
71.96330128393484
71.95719048954408
71.95557326413999
71.89336913971675
71.93129395191865
71.92458944669701
71.93004944039984
71.92803141239861
71.92585605347018
71.92611072920523
71.92355577399138
71.91996060194228
71.92115363837192
71.71682950628414
71.48247948392026
71.47008949506608
71.57172640007974
71.82948004998703
71.54204560344228
71.43442621928864
72.14812534659504
70.80789991742698
69.76705001498047
67.9224395467866
67.30948019252597
66.9859737452263
66.8590495986858
66.75317396329937
66.65269936958461
66.65087908861688
66.64530214964554
66.64760460304875
66.64991537739162
66.64888049944139
66.59882672103471
66.49053109619196
66.48407033371907
66.47707501130459
66.34422613130755
58.79906384279211
58.458857629876036
58.23851531429231
58.18325320109538
57.47882077943816
57.47469782635626
57.68593436253522
57.152702178685104
57.25805250381122
56.91288301835213
56.819332567346635
56.81359066270999
56.809450395312005
56.804330182675756
56.80434869436776
56.7080491022198
56.6899573693958
56.67131958300941
55.93028870560414
55.18846664334768
55.224057532609805
55.25194422449957
55.03630717590817
54.69880794957364
54.71532171768454
54.69304476409792
54.573992375941216
54.571284338682716
54.57306913366696
54.573157482983376
54.57436447765544
54.57301216398255
54.569235374323924
54.567993633337764
54.555661001820724
54.264820209083275
54.26860394530101
54.265595226823095
54.261068247282665
54.24280571314048
54.22484246129115
54.22772874408565
54.22824677152746
54.22838164744924
54.228114499767706
54.22796239216295
54.2279995053145
54.22852015591161
54.227871128992
54.22880672315004
54.22903183411091
54.22453324820639
54.2265496484926
54.230784767386446
54.227094859155514
54.21949384774539
54.20977423118487
54.20631017684369
54.206695101676154
54.205359956600496
54.204557757974214
54.20468523404594
54.20471182096305
54.204738773429355
54.20477287898101
54.204350430657406
54.203799996878345
54.20028901963025
54.19651525432745
54.19277041468718
54.19274791830898
54.190090700210284
54.18334219290573
54.17583395729968
54.17569270922836
54.17543739405776
54.17166260527896
54.170894249254246
54.17093363400213
54.170927672861836
54.171793265453225
54.17241503616839
54.17178601710575
54.17167372602789
54.164103236764596
53.89499025531823
53.89247444936144
53.887197298985946
53.883059806021144
53.87875713138326
53.88864852030072
53.889047792896065
53.88614165449291
53.87153661812935
53.87081690375814
53.87091221299011
53.87090843515229
53.87096069204443
53.870716818196286
53.870790868437304
53.87148762482869
53.86549317712222
53.84743225485974
53.836006169004875
53.825105066729854
53.81985971313786
53.81761739608173
53.817212113946006
53.81746935191833
53.81723072091544
53.816972333454835
53.8169439170565
53.81695572170735
53.81703455257717
53.81714565218639
53.81686186008745
53.81658487623699
53.81599662529285
