8.690649232336343
151.25191120292237
288.9954224306543
563.7078004535172
836.5157864278311
1111.8603133839624
1387.109092407974
1661.789325438743
1933.880346763578
2206.8183445579625
2480.6286060703683
2755.7745455162053
3030.984301253958
3306.584403694774
3580.516507815478
3855.7474666225385
4130.32975765863
4405.482369085267
4680.737442385701
4955.986979506116
5231.241680052873
5505.900721336634
5778.035299189843
6031.63709826296
6225.74429492663
6387.125043955125
6645.321220807986
6907.704108785248
7163.680752991918
7427.263782395384
7683.920485582257
7948.327620112897
8211.993659981103
8468.215173501065
8730.695529778744
8989.661641105602
9208.362185280681
9291.712836869197
9415.141450469386
9589.730142152295
9762.959694662002
10016.010395249703
10277.727874145467
10541.809373533319
10793.365353230229
11042.920436614166
11292.810597930318
11543.446911468773
11794.486227114032
12061.204628033087
12319.06742765499
12572.022122064629
12823.727694057963
13100.101509797483
13359.565969265745
13631.935823164036
13904.493610186462
14050.664963626716
14315.83510888992
14511.314616450722
14606.325262542901
14825.286590181166
15075.265502904316
15326.191811987825
15577.334226528417
15828.739176121328
16080.229183373567
16331.732994237364
16583.237907916926
16834.74283747832
17086.24777539695
17337.75271956808
17596.86834671028
17734.24526496768
17746.078365246605
17887.300993373465
18028.912787938247
18166.34795126224
18301.045945703285
18434.071795040873
18445.903303632862
18589.36929337268
18731.582921219546
18991.81319976573
19124.963306622023
19136.79486658264
19280.343729393782
19422.478293988395
19434.312727216096
19574.42897990797
19715.186616252984
19852.017696424773
19988.760963872897
20123.844534890835
20257.410631584804
20392.653007057583
20404.48537727677
20674.374128820622
20686.208186665754
20826.119178208504
20967.013794026287
21105.728540400392
21243.18429940659
21380.016225520987
21516.513310249193
21528.346120391787
21669.29339237404
21681.128639357066
21818.825596560186
21959.659215910848
22098.193634286334
22235.613684183998
22247.44679797932
22388.42809980588
22531.15816622501
22670.615593046918
22682.44932188266
22823.46678084078
22966.239715145068
23105.71390827695
23117.547641875706
23258.56396475362
23401.357224620697
23540.84521270076
23552.678950215915
23822.64809837103
23961.458341426427
24098.985251480277
24110.818399381922
24251.770191385018
24394.560631758435
24534.057331330892
24545.89107131865
24815.84688190014
24954.649204324727
25092.17204931476
25104.00519592267
25244.95679859638
25387.747125470923
25527.24376667368
25539.07750664483
25680.093732032943
25822.872065435447
25962.350183683793
25974.183918397244
26244.15294031407
26255.987033002013
26262.91066368871
26402.833083190948
26544.54320666936
26683.854142742755
26821.555804000658
26958.488689441503
26970.321644979445
27113.085844959336
27254.37064049165
27393.735598392963
27655.23764626505
27792.30228466696
27929.18322760444
27941.01616605927
28081.930816338052
28224.716402250513
28498.327203424084
28636.828397940426
28774.204393885146
28920.061240119212
29062.848244620374
29202.34325368505
29477.21157251841
29616.014133112116
29753.537176406742
29899.400864773754
30042.19181046179
30181.688777006737
30327.617409183804
30470.396408789627
30609.874879075578
30884.757745438234
31023.56891254128
31161.09638907344
31172.92953715548
31313.881353964367
31456.671817427876
31596.168531652056
31742.0971269924
31884.876168239298
32024.35466636893
32170.28336703943
32313.078012086437
32452.566871082305
32598.4957419319
32741.2910126767
32880.78033571485
33026.70920286957
33169.50460625845
33308.994024101
33454.92289184913
33597.71830724517
33737.20773388296
