79.00685795093895
79.0074058320452
79.00963906920146
79.02257438753273
79.13086164838366
79.46477227409959
79.32462124029362
78.32942136022054
78.13099649596087
78.92544699513853
75.66211425802591
75.43995542799622
75.36752334253559
74.97694136708998
75.00461489911558
75.0193194513205
74.78869344413863
74.36630274619482
74.3497929144023
74.3363757076325
74.2857076582954
74.29934156344149
74.28191885032315
74.27771265438473
74.20372493766976
74.13054139170104
74.59503304991266
74.67063615466152
74.66037685492664
74.66661689517585
74.69049842447725
74.63235801554953
74.70916201119745
74.64858244789272
74.60334036808595
74.59507228163521
74.59974968842008
74.58008620782194
74.39197295417945
72.57837392929237
72.27902560097128
72.21067892134991
72.14179566569648
71.99546652034455
71.99029023550992
71.99205499493232
71.98792864383954
71.98400689650457
71.98410221420382
71.98724634671666
71.99107693350132
71.99282045497304
71.9875806008006
71.97568979969218
71.9836647754241
72.73568375418068
71.10600603423049
70.97537714173453
70.97807418263203
70.86193029923591
70.24273502896561
70.15770341532735
70.20413439073356
70.37245979961286
70.27493324230849
70.30510009980131
70.23633614178407
70.2376163762116
70.26575408848342
70.28522717557748
70.28840879282768
70.32646363366256
70.27088373995878
70.17209193197401
70.15462939906988
70.15582585059268
70.16192697026712
70.1650690812763
70.16711188386687
70.16685506433336
70.15016025980778
69.98951160240922
66.13858511273357
64.08122115476182
64.04525846987407
64.21143656904928
64.66145544750043
67.32552729685845
66.20343533967335
66.06532701314454
66.07507691591131
66.0710834548893
66.51471133964988
66.54572715846399
66.58377413382402
66.30552540834069
66.12181277214579
66.19752720885154
66.39151418893927
64.7129254868254
62.45230043084014
62.628449990961556
60.240530126137216
59.00864670629225
58.79131487195763
58.78813152248345
58.78588016291361
58.781114398832706
58.70470306727729
58.58097041248951
58.57127144267375
58.588966837197546
58.57765164810344
58.57867830096467
58.57714634558054
58.57722927704631
58.578439516621174
58.58013944259035
58.55777843122349
58.55678676104274
58.55320887261391
58.551636933916555
58.55144735718604
58.5522491965709
58.54480666233718
58.49224643454951
58.435565478174176
58.44039418721319
58.44523197379867
58.43889447527285
58.43939959813257
58.439084386714974
58.43902787773495
58.439647241853564
58.43293132922581
58.427395432520235
58.42699916029815
58.42652290334001
58.42617016722456
58.42603793084688
58.42689594278633
58.408737049359004
58.36944365042921
58.35481299942892
58.36156474964518
58.359656053808
58.359713818010825
58.35963942632651
58.35961933787829
58.359843483592506
58.36078857806512
58.3539290142642
58.35292160879392
58.35208961242399
58.351471310553535
58.35142340495951
58.350704750676506
58.348198037914514
58.32457128825611
58.28971488622623
58.2892981634549
58.29393708442255
58.2905915910581
58.290688791980536
58.28987122904849
58.289865389369226
58.290075099699536
58.288847645660596
58.2848677047412
58.28468666916164
58.28397670867481
58.28356973334825
58.28347338780002
58.28407811771137
58.279286810828005
58.262164919554195
58.246674103366644
58.25071078206958
58.25147659772597
58.250115435296465
58.25033530376172
58.250270051987684
58.25026636460075
58.25059497727905
58.24780214588976
58.24662224531064
58.24658319387316
58.24622104105199
58.246185975857735
58.2458967233357
58.24573359191394
58.235240278452565
58.2165190869243
58.21259619015226
58.21572350312849
58.21479686801484
58.214978855125516
58.21419919854513
58.21416038444145
58.21419791985044
