8.690649232336343
151.25191120292237
288.9954224306543
545.0170223238299
816.8258448466261
1091.8570327345374
1367.1119549795833
1642.3690201906647
1917.6243885508602
2192.879260581317
2468.134034514461
2742.793488582318
3018.231700125257
3292.1718434041627
3561.3479643528285
3820.4587044932164
4092.85113388982
4347.077210017911
4615.763238314344
4890.526398412049
5163.783058271877
5403.162805212324
5625.7926383178865
5783.272478406012
6030.154657000831
6280.20533598955
6538.113275729395
6737.972982330235
6870.497319679266
7078.688262815816
7276.281233096815
7384.383999021165
7498.192644768493
7713.573146867065
7960.153617791416
8225.781034173877
8493.939622862476
8762.169972332873
9029.038562067666
9282.507030058678
9525.743827009954
9748.565937875663
9936.06535254415
10128.660634171214
10267.997472295245
10371.055863495438
10577.064109259849
10783.956521592827
10989.627651057206
11150.011668670511
11270.694079031196
11410.27965749403
11655.033881608708
11909.329749784338
12168.310726130312
12422.605915023853
12673.848251815878
12924.924778699024
13183.30495721536
13444.472821944104
13700.08430647936
13952.535964536559
14204.154343436348
14455.660973741977
14707.164690176343
14982.11388200276
15245.5918562856
15507.225266146206
15644.658247517835
15656.491365712467
15923.171944763473
16062.581194513943
16074.414909693229
16217.82741076345
16229.663106434851
16367.48416091438
16505.66772322041
16641.42853680069
16775.22550051761
16907.765719934494
17039.519458240233
17170.791583601636
17182.62232730734
17326.01738677366
17467.949527507903
17604.76189532056
17738.137945121907
17987.864744500563
18243.94851444797
18377.75534391933
18510.64567991266
18642.71814809132
18654.549250653796
18928.018176154288
19065.368578030044
19199.990655976555
19332.968557346983
19467.864852607225
19603.429603876302
19615.262090144333
19622.185185136357
19759.00629026879
19894.493031907074
20031.111068321232
20167.142027793085
20303.14375995282
20439.23729509366
20451.06996719356
20591.95600679222
20734.595392636296
20746.42994692302
20885.93604790668
21027.10433008113
21165.099572091778
21301.911225636126
21313.744141033454
21577.51187061977
21714.587827005897
21726.42082957044
21861.086963553353
22000.424836276234
22137.439399266957
22274.08379057593
22548.649340778593
22687.432323697547
22699.26585703969
22840.340674940544
22982.970168953376
23122.357291676915
23260.121649236993
23271.95487216979
23414.823220247803
23556.350673163743
23694.343804632703
23831.519869560416
23843.352904672418
23983.976119414467
24126.44183158582
24265.62825393191
24403.277999792506
24549.107858197563
24691.84308724415
24963.232433199424
25099.98626987142
25235.74776414689
25371.484168382925
25383.31671554185
25522.824875824175
25664.91048673181
25676.744908226505
25813.2767510417
25948.858095137282
26085.3393363466
26221.065389823885
26476.352469335383
26596.310254469718
26608.133629543332
26670.338813577953
26766.578464845494
26778.35714688351
26785.26226083599
26901.0820757636
27033.049792478763
27167.763754429514
27303.14256389558
27448.858418831525
27591.332049852368
27864.730105007355
28003.205580923528
28140.568337875222
28277.376950769292
28289.209865223165
28430.172895277363
28572.879605375903
28584.714175519628
28725.08037277055
28867.450972642848
29006.76097440731
29144.49205820292
29290.041800529267
29427.41150107383
29553.669014753385
29645.208714693614
29656.966841965364
29723.12579371768
29783.626417354295
29847.676190366332
29859.120065603605
29902.734868866868
29913.554881473345
29947.755422683313
29957.81005245267
30022.941539042342
30072.268537125718
30178.846794435205
30190.65387747743
30255.421353929192
30287.41880554898
30344.400093574044
30355.714943257182
