8.701441696521114
165.1874831526962
446.8976373217421
703.5571675130833
986.1691727016592
1278.7758249021754
1539.3382043074819
1793.8904327977182
2072.7291483743275
2355.0254674373405
2647.888484936924
2936.858016011541
3062.0734492305787
3333.155575323159
3584.471049597755
3858.852622805727
4141.366707938469
4396.4090324444805
4650.555016605019
4929.268741579641
5211.843253630277
5466.928067893373
5721.111068047517
5954.145940972978
6217.888706147316
6472.050018663301
6733.925090091431
6988.621819039846
7186.787815251863
7330.177043184352
7554.514165708984
7805.794420615781
8040.451704134943
8302.858869352553
8570.372195502372
8824.414495968205
9100.146160748707
9351.767641602508
9616.127682070282
9872.985171103785
10137.73298727775
10393.001807689612
10656.74727744922
10937.740419121266
11220.073937180532
11476.332758706045
11691.463432070525
11812.3835002228
12001.030915773064
12164.647090585348
12374.122335468219
12567.508820952959
12749.193950813562
13022.737521666411
13304.698310662268
13587.617805217084
13870.642154670617
14153.717893282246
14436.788113945695
14719.807394262536
15002.734594439224
15289.781727060097
15571.476723070795
15854.916932193037
16138.478413055285
16422.08354369967
16705.66916383739
16989.183021699915
17272.58994223589
17555.875391978385
17839.048157075937
18122.308551643517
18405.875046027795
18678.9446113054
18921.556522277922
19192.303159288487
19458.76564924207
19728.455207584553
19857.480410411103
20080.02256433474
20290.821609850875
20524.67453607538
20799.003614377227
21081.233843408987
21364.209197929787
21647.059667938185
21928.36317858576
22207.547604821113
22482.80095584198
22754.269897797305
23021.45909577537
23246.472176340518
23340.93682068435
23462.14006427307
23644.583473975996
23763.158011081494
23944.77616814325
24046.763560338248
24270.282064999643
24513.662427364827
24734.609472942382
24859.121884098065
25009.282668104606
25214.00309984616
25427.723814169018
25633.64879109163
25825.555596389913
26001.61960109929
26130.816121910164
26182.931307929583
26211.66691590708
26288.169386074653
26381.02209612856
26503.442421260206
26563.03870276705
26647.658414170353
26761.929905952013
26820.186619095643
26877.2913106299
26918.865440458212
26989.1194961502
27071.08088163881
27147.18669472954
27207.87054992572
27244.94502887743
27272.373995556434
27296.801523348448
27314.69950813173
27374.98560759987
27414.373585189027
27448.42722943247
27476.527681814765
27524.021974441315
27552.78652815637
27584.669186000898
27612.57336017585
27639.057673300318
27662.290608255
27686.950764093734
27713.887029724574
27738.39135019644
27757.57648291646
27771.352465214724
27782.403971351752
27799.750406727624
27814.862551544145
27832.100002668616
27849.27914148637
27875.2058443589
27897.87332609793
27916.000751549
27931.787163494835
27946.576854292856
27963.827800434687
27980.3825125422
27996.405178064368
28014.708142813743
28036.50304135585
28056.90217883543
28076.214309079114
28089.208248729396
28124.8447310314
28168.54831917306
28217.826809552556
28242.55588720096
28258.424453751613
28298.157348922636
28309.327317719326
28327.1435201173
28350.60298413348
28380.459250249492
28415.259548022193
28454.405583406915
28494.667318504562
28535.093613174937
28561.844341082655
28577.627608582887
28594.341750925494
28607.61684743944
28618.67951145667
28629.505154929007
28640.937802616314
28662.66903278244
28677.302340273924
28699.389940186422
28717.916027702355
28732.283501495385
28744.59652504019
28753.80373310218
28762.41191751396
28772.66443319178
28783.462127275547
28796.597479448217
28808.676183496296
28826.485254036903
28838.36506752178
28848.13700162237
28857.397302346923
28865.32821966198
28880.437035477065
