-23.290376318896843
-39.11360727096224
-58.42214066113437
-97.35734908043204
-143.35524260508117
-163.53257514019413
-175.50715039249636
-206.69415957098252
-227.1426277281268
-255.089647863925
-300.525075083746
-337.8458944939147
-365.17434961202224
-404.071739005074
-431.3341357623514
-459.86088398067614
-493.1955166476953
-505.22548918129974
-511.87596588820423
-521.5989602905473
-533.9306680748319
-558.6293480934951
-562.7555536657437
-550.695763468498
-536.2009884576532
-520.862088038188
-480.4055380876695
-425.79514007058754
-431.0419129434433
-466.02984761652584
-495.9861236241064
-518.6584036202341
-528.6437306488327
-523.0465992290253
-534.1149456476352
-545.3712768145707
-548.0773125760475
-569.5245552642336
-575.164776671661
-568.0318565392514
-549.1636796714542
-510.29154887161025
-496.68446828181783
-486.8204684134298
-482.57784456801824
-508.80646220101863
-528.2897482097111
-490.76912468202136
-455.58461732257814
-453.16345406804163
-442.3153687511268
-441.9517925981869
-435.73446763836444
-436.2876587734906
-459.5984896801721
-465.49650137061275
-479.7338885325046
-502.82307857118485
-507.52400256141283
-507.5204856909382
-522.0248678182221
-529.5410988256198
-510.1761339652175
-503.5189626236812
-520.283505505608
-488.796887360974
-444.4067837518987
-444.4407466676446
-473.6348911149518
-487.50608898980107
-485.73812300691804
-472.2844552889602
-487.4639530950354
-517.54568118897
-534.6712285440357
-557.3644890582739
-591.2018631368284
-637.0070496657033
-668.745095827208
-697.8236025213246
-724.6389314040855
-764.8874023315811
-834.193724727792
-867.5698683893062
-859.5997610873524
-822.0069533212564
-791.6233963397015
-798.8858937940491
-819.3762072145045
-849.3453121710703
-871.8249957390191
-870.738006799154
-865.5585718689431
-889.9727772412299
-911.4672824532367
-903.7239912658536
-913.6658769940973
-972.7288019167202
-1025.3668033385031
-1049.8466365363006
-1052.0626743959938
-1019.4335572362216
-986.9413439679415
-983.9625432775359
-988.8087800111693
-1014.4198911049308
-1054.368040792343
-1079.4620637010319
-1085.6822199559854
-1088.3611250750355
-1115.1167405257938
-1128.6429497592364
-1120.135246561084
-1134.1088827724197
-1181.559524678759
-1215.145114718898
-1232.9221138872085
-1216.6648818830436
-1177.1206753598956
-1158.433136328671
-1163.1021553603077
-1173.924603332825
-1207.6011046720157
-1241.6185451175938
-1254.6307552067951
-1252.4715611212896
-1267.07980086091
-1292.8698044520438
-1290.3968678018107
-1287.6521482638896
-1323.2989700280436
-1370.1087042947452
-1396.6441494334338
-1405.2439689849602
-1374.1229018433369
-1337.560128224443
-1335.2354016829136
-1345.9575528350124
-1368.773937525713
-1407.4682435373293
-1434.048432650514
-1439.421848633553
-1439.5773328601656
-1464.2703288610214
-1482.2029715740546
-1474.5766994059818
-1486.734953730573
-1542.071350991246
-1584.931142172223
-1607.218515361733
-1603.575732157549
-1567.7622007799635
-1540.8762239021062
-1542.401483582154
-1549.9534573977978
-1580.3295169588364
-1617.8653345380053
-1637.1094659260125
-1638.5700021008531
-1646.297585272048
-1672.3821929905341
-1677.7407486471284
-1669.7688024955035
-1684.1655055679116
-1721.3513244943474
-1748.1156433568974
-1759.729622954948
-1730.6767361315217
-1691.4557747174429
-1680.9341209828997
-1684.0062420172837
-1696.9135805202623
-1735.006643349466
-1767.5716484213015
-1781.0629308738623
-1782.160651993982
-1798.8783957690996
-1819.3102063005688
-1814.8135769741268
-1816.322946882686
-1858.0191150174883
-1902.1111537894826
-1927.0207964303136
-1929.6908887290565
-1893.0955033387156
-1861.6425473709003
-1865.3521390481872
-1877.6153928407973
-1905.6744142746181
-1944.1630012058642
-1967.0707600425555
-1971.7815780305855
-1975.4277040528423
-1999.5313807168457
-2011.6135191774042
-2003.894797818572
-2013.4389676849923
-2056.9420370711473
-2090.2709848691457
-2108.6060988823974
