62.58963075050947
62.58889611370526
62.585524285079494
62.221945215092795
62.77321347717937
62.53496082826097
62.247319251232454
62.2142854420036
62.28859819515519
62.12706241504711
62.1137701304889
61.90542280630548
61.90480603039507
61.99909917968378
62.02818221256719
61.99080898566984
61.9287506407626
61.96449464988047
61.86664801727414
61.86099982885108
61.77225176366047
61.09166168945029
61.080584808684655
61.12537681677938
61.154599804601006
61.420739276276855
61.120380705723875
61.01138676045593
60.96327974258834
60.04027842218989
60.04321056638036
60.033600387139565
60.046858426926555
60.05361930163129
60.09639815568184
60.051721617865915
59.92354691784376
59.700709595848814
59.437032213304484
59.31498958079388
59.31557171714085
59.35379505321668
58.63148343926966
58.28232104621321
58.19731010642885
58.14267318093353
58.23643428032511
57.947154995010436
57.956573545277145
57.97501056030664
57.97094342603951
57.96962733389821
57.986945559523576
57.99941263463114
58.05638704683903
52.79562632902018
52.21499482557635
52.16476432638361
51.28522700052498
51.28528218734986
51.2844267813626
51.27044742050492
51.49047655069547
51.64025832888741
52.3271109928321
51.21402829999078
50.89475588102134
50.49363582108116
50.685723862600064
50.66988561928484
49.68742480923181
49.567297672906136
49.47258637024827
49.3900718950882
48.70949844444792
46.80777751439902
46.792694524668775
46.659817076628855
46.59146173330941
46.57474389601302
46.543262963717396
46.456762785126685
46.45082263743021
46.548582460669024
46.58309270990688
46.58968643412378
46.578451350058415
46.57552672664295
46.57935864532189
46.31776891228527
46.4063621138257
46.406362113825686
46.4063621138257
46.4063621138257
46.406362113825686
46.406362114187125
46.40636211419411
46.40636211529138
46.40636211462541
46.406362112588525
46.406362112677314
46.40636211329706
46.406362113288964
46.406362113526136
46.40636211363537
46.40636211358135
46.40636211147099
46.40636756225127
46.40636821406798
46.40638567423075
46.46335102403724
46.46365897890726
46.46363440007077
46.46364957085854
46.46364965500848
46.46364925468506
46.46364837015591
46.46364803216593
46.46364069155101
46.46363870112879
46.463625842884476
46.46362432664837
46.4631062680554
46.45813642829933
46.456369462241156
46.45820025605757
46.45778819842497
46.45778545856828
46.45779906077547
46.4577933077584
46.457883730374945
46.45783079264158
46.45783105662101
46.457830837979245
46.457829384119435
46.4578280347019
46.45782773969791
46.457827676437034
46.45781013699664
46.45780608200965
46.457739511845304
46.457720642591795
46.45704896824314
46.42907946097488
46.50391466167204
46.50351491309989
46.49373889541901
46.493004188183505
46.501340425296185
46.504474996130696
46.48200772385628
46.46314009480722
46.46636721717076
46.45995860046745
46.458356883318494
46.458051804299224
46.45773022936359
46.45731625586001
46.4572606821302
46.45909332396545
46.7286156158073
46.73059852303331
46.730193498394556
46.7301423631164
46.727079578128304
46.72597133140227
46.60045981515955
46.55221686132985
46.553623926751314
46.50566651641735
46.44974387371488
45.847527996926125
45.30853280754547
45.19960073042336
45.219944885782944
45.2426467021386
45.2428044104763
45.24263566074878
45.2406987481503
45.21396136250597
45.176795412989684
45.069927816334356
45.00316750845057
44.995934134317565
44.995823001950086
44.97304679969252
44.89723494466526
44.888409676845775
44.88837131849439
44.79851930859534
44.802492269760535
44.87132626767973
44.42333377592224
44.508165940016696
44.47695456155976
44.465729331767044
44.348271543923104
44.389286341155966
44.37615745985615
44.37960522998208
