27.658013242206696
206.66210013883907
516.7103247414261
833.6282890126427
1144.3992005836642
1452.516946953616
1752.5161566594365
2061.464413208708
2360.0801324159656
2650.1370963370455
2931.866739469166
3225.691133588346
3533.0415432028594
3822.8859977516577
4115.950327857116
4394.761147282307
4679.612433033251
4946.600686368594
5224.488205405637
5531.007686211713
5827.582517176709
6111.837706653291
6392.758736985585
6693.932083652025
6996.0898150448065
7298.287547104746
7607.420946186474
7908.187349163407
8205.025456500667
8507.023563120962
8790.428311837417
9012.156260248757
9168.888692377252
9368.554910407613
9667.41665297765
9979.954441462552
10284.047544022884
10595.18336630429
10897.44835977508
11128.581015110409
11309.904356630217
11563.073860750796
11762.458476982682
11882.770458511412
12061.250144149637
12302.470771264705
12551.588284237494
12837.367534103869
13009.39681914553
13180.619726134119
13346.07217158248
13621.525896533405
13893.572696816573
14152.290428435957
14382.247128663672
14642.059400112412
14798.229873599439
15094.41718746224
15415.929698282063
15740.915833780673
16060.495387829862
16367.190697682914
16670.82765382297
16979.559679904658
17310.7672648727
17630.046423611875
17935.033523429134
18238.497447433776
18552.429793903026
18872.376747777038
19185.720571430764
19502.3565714567
19821.74232297103
20120.62695401739
20432.071076148834
20724.645193739485
21025.77203805028
21308.60904073451
21587.316176482433
21869.53196946231
22150.324463535053
22424.47374447554
22710.13832369382
22992.801459970313
23254.776687703506
23541.94897799028
23829.098779354306
24090.017577110535
24375.379147926207
24674.582165394626
24836.217529682453
24852.381199843687
24863.631982389656
24881.008262136227
25038.832010452174
25188.66556840966
25474.848672333985
25619.949935271186
25835.633731431786
25845.54804217684
25982.360711584355
26109.959736044522
26146.423258448987
26146.863181489087
26221.117438949674
26452.744453495296
26709.61878558668
26865.918711511436
27148.04927134678
27450.953332917703
27516.025592201837
27670.348630294993
27942.56334035183
27973.573333346667
27985.663655445387
28012.735535592452
28061.66469813796
28134.704878135726
28171.101667380215
28214.782406804017
28298.067775092182
28519.9985214311
28785.12480448756
28977.52549396705
29148.724740165533
29283.268481964024
29417.555426843035
29553.565886252814
29699.20331549576
29831.972616689465
30002.539240634946
29997.742613119186
29992.10294360735
29997.74527474344
30051.037621544543
30065.7819138332
30072.1818431288
30143.475343571714
30157.367572330524
30251.852704068646
30298.91944328601
30451.149068493807
30718.996234364367
30892.074181793585
30937.074004395898
31127.792844981774
31329.406778981363
31456.510122379914
31475.642802491915
31623.471112653006
31746.9868928039
31818.205553792133
31861.00322746487
31925.720079183677
31948.313516987564
31972.451686177083
32030.569003582736
32042.35387364906
32062.73282510623
32265.314747791665
32342.420898404747
32374.006749379205
32391.683241807452
32443.707355709004
32461.342821459708
32556.11020030368
32624.658804923813
32641.60622396949
32752.791702751216
32916.63217419047
33221.550555727175
33529.144353748794
33836.414492473516
33971.61898618243
34261.82444151051
34276.441983397395
34285.94740221597
34329.01826259154
34416.39561429609
34602.192543510406
34851.20079502778
35083.34463598674
35130.07309082985
35139.335136469774
35305.77289036137
35383.80485646169
35504.71602953095
35625.55710113546
35726.58978020948
35935.754788225124
36102.386115151516
36393.006672263
36603.95135318648
36775.47622870013
36888.71517509924
37044.52050861314
37251.680146204635
37456.966416298026
37762.83572019467
38070.76785141329
