8.698151254074443
285.8116303897088
561.9912772741582
837.5548675138299
1113.1054216422149
1388.6425657718023
1664.1792528338485
1939.7156064894098
2215.2519189824534
2490.7882193096434
2749.1071659867835
3000.4243305476057
3276.160227333049
3534.831029261802
3810.658921916021
4069.33986594496
4345.182332592747
4620.421895120546
4895.151801432621
5170.39389616407
5445.923196080987
5721.439926082547
5994.807695802424
6268.357486839668
6413.083783049149
6665.968768112533
6911.061412464074
7051.113392602727
7315.8229298572305
7570.658163409528
7716.829326212611
7986.975219566777
8259.40671587916
8533.523564734069
8808.8600981752
9084.14228736395
9359.665469102934
9635.194344075719
9910.730508752364
10186.266678138116
10461.026540209697
10736.304854518994
11011.841579067399
11287.365521915077
11562.901791152688
11838.437759539174
12113.197500537515
12388.475801124026
12664.012526064575
12939.536467961041
13215.072737184077
13490.608705525452
13766.144986605788
14041.681273852526
14317.217569491264
14592.753866154222
14868.29016312343
15143.050059951232
15418.328387247715
15693.865112296156
15969.38905581337
16244.146027463099
16519.42393600012
16794.153285679044
17069.417785322923
17344.953642316934
17620.477393126563
17896.013660867382
18171.54962836567
18447.08590959803
18722.622196876102
18998.158492520848
19273.694789185636
19549.23108615509
19823.990982983236
20099.26931027987
20374.806035328438
20650.329978811053
20925.866248037324
21201.402216420385
21476.93849750207
21752.474784749887
22028.01108038858
22303.54737705152
22579.083674020716
22854.619971054566
23130.156268102586
23405.692565154095
23681.228862206328
23956.765159258728
24232.301456311183
24507.83775336363
24783.374050416143
25058.13394732886
25316.66673444599
25592.5032335831
25867.74053175207
26143.29574391487
26418.8287172199
26693.587734217894
