21.919153989715504
301.966895441188
562.167351937929
844.6827040823739
1123.2233638266803
1380.109956036734
1641.852770110401
1905.712671776398
2166.002454836647
2433.451789318543
2719.421126594222
3002.06770737949
3268.0292318431757
3514.117869876454
3752.4324343893963
3981.8579891447007
4204.06339404372
4436.448404713162
4684.140078552339
4941.403591771034
5212.112236080938
5475.58905301037
5737.611495066231
5985.041464590535
6226.0820885401345
6468.276684937808
6726.907899900091
6983.091125435258
7261.104182156831
7522.945283129301
7788.625776850029
8040.1507103112435
8310.066963230449
8546.899741484543
8790.658632686469
9032.283020405373
9304.539539846428
9586.688864912747
9855.638245167593
10111.928795281667
10379.59506071115
10639.466460304187
10914.521324070738
11187.636705388202
11456.09559501991
11727.362829122765
11985.460393285271
12228.96546965558
12499.002870262997
12772.327782541159
13049.960142566555
13335.437141178661
13596.237866930695
13869.689891644874
14153.21459233777
14437.585398795172
14724.309319584352
15005.754003324882
15271.985720089544
15539.237245473965
15788.099570977953
16049.077762756111
16293.748604013417
16550.47967005054
16810.6237767594
17074.97524766099
17332.363025783332
17589.540579269586
17841.180977729793
18105.250488804457
18367.28789439328
18640.89268185316
18919.08340144733
19199.88689164523
19471.04497883123
19752.520778937385
20007.159071229456
20272.763604201402
20561.910835642477
20866.508645075268
21165.51700016667
21450.079064277263
21735.73318292621
22021.581367686562
22303.244327404696
22590.420728283163
22872.53678405857
23148.540858987315
23420.475337100037
23699.473086088277
23965.01729819361
24232.817838025123
24506.060766655264
24780.708212567166
25048.406105582875
25317.838488031117
25573.51312017744
25826.977672570112
26097.70439992722
26358.217130089517
26610.831274826767
26741.51959608824
26868.983534221363
27098.816169242793
27359.318388031726
27625.948892764718
27901.026271863902
28181.37219164378
28460.222021821053
28744.05275173186
29038.164420360892
29332.744858402293
29623.634346118262
29906.574224372278
30174.648056712802
30449.092143588336
30717.958746726796
30986.892226372405
31271.742068513868
31560.466866652656
31851.414112629445
32144.170547705166
32417.405230244804
32688.72543810181
32959.92790592509
33226.42406749
33478.76066273421
33754.18897052913
34004.454664749515
34175.18811119432
34279.16343744553
34542.03334694721
34795.65670014182
35065.170833556585
35325.7650828047
35587.64462753763
35839.14163882138
36072.32679040365
36305.83915258375
36554.46306122698
36806.7177659067
37051.35126994611
37301.22624071978
37532.764201154714
37644.686570893464
37847.87750052626
38102.426675661314
38370.09627020351
38622.70121501055
38762.200273552386
38890.344235281715
39147.95379560066
39285.86829974229
39415.54841867611
39546.289293607326
39787.297901137004
39916.703100555846
40157.96601017984
40323.281162565094
40536.864909298645
40664.882338277144
40919.83779153885
41148.69490636672
41335.568053133466
41563.80260421854
41794.10897058614
41947.27526655116
42174.69241003794
42428.863613649635
42691.420189258075
42941.51222806898
43176.03290768558
43441.431543215724
43712.03334098791
43967.78596305927
44208.451131074326
44364.574168930194
44603.38320176761
44848.908967068666
45104.99352062585
45361.84134308426
45499.440820341166
45648.61555149448
45900.02234847838
46164.83401861593
46309.164566151085
46567.47666109999
46710.02548639118
46852.48693013201
47093.12503340547
47356.3612753382
47641.13844537204
47798.662172824
47953.99561012236
48103.016126302326
48255.59956496579
48520.64768494555
48786.54347661761
49055.47588316651
49338.605778143574
