72.97621375485068
72.99919850084034
72.97798263023904
72.36091246728895
70.57066735888534
69.53555427823409
69.49622775348745
69.4969108803054
69.4939846463896
69.46479183046013
69.4310742121103
69.50132810069057
69.53677304596219
69.53784248000983
69.73523970019683
69.68724897455378
69.68883403404516
69.82620277690319
69.75415856088233
69.74363410025542
69.56222306304029
69.30311876023637
69.1048980079137
68.95698653907475
68.97825615136992
68.97976679034952
68.97116719547624
68.97915499059513
69.00116545744656
69.03455510990908
69.56193303724609
69.5995645176615
70.24835225875472
70.23561927780771
70.12349592686088
70.05656040054521
70.02216799555386
70.02331544067074
70.02505831583301
70.0272656488433
70.01221704643439
70.13175974979627
69.87023711253505
70.20709459900048
69.68686706098455
69.60606029063457
69.6661038783841
69.73025136939742
69.61348761977113
69.62511489783945
69.61563290429888
69.69931412127737
70.16634344243715
70.44240968755798
70.44333964336828
70.32544771690611
70.04160493334801
70.03241512526581
69.98643848419694
69.98673088152012
69.97216122523453
69.87457675714514
69.12574758308203
68.7055744186055
68.68408047969454
68.68892797352726
68.68605620500033
68.68916537825599
68.68851027109575
68.6877427699936
68.81167708704531
68.82348427409053
68.74219540908102
68.78092157508837
68.76340416885688
68.82166513488265
69.03162237225295
69.1410220319251
69.12847953436199
69.14077447014716
68.97088862726334
69.13822283500178
69.4638000708348
69.43239070035428
69.43853599480897
69.45474269082843
69.48714007207359
69.6394763380474
69.04841561680048
69.04140609091085
68.94472748174584
69.05278854382749
69.04921103919503
69.05371971493655
69.0533543272686
69.03994059106412
69.08032448567884
69.32545138455818
69.24144611278864
69.3800667990191
69.34408438797928
69.32874585965425
69.23330084241074
69.19904319285266
69.23936335011108
69.17872961772541
69.21916767250465
69.30742793753521
69.34637379345509
69.41370416838983
69.364531702954
69.37837832307987
69.34858571985443
69.43351557015488
69.43408481288508
69.45280365449693
69.46898143431063
69.47136743713165
69.45415580516888
69.45034825983261
69.43018032204075
69.34102669239985
68.22164601286441
68.14511695162247
68.0378990854725
68.3889870444483
68.44918927007001
67.65962122959502
67.40763664401588
67.5822994267547
67.60912743625869
67.60752555844697
67.60728754856343
67.64650209386954
67.57073646811915
67.59918656596547
67.58482480962
67.58882993301171
67.58192442742597
67.57956876676141
67.58230669680881
67.57741172826404
67.4655556551655
67.44718834472228
67.45903936320582
67.45816395460784
67.43632682267351
67.4356552696125
67.43913184783068
67.43042381091979
67.44847975463253
67.57228136738118
67.59500065622429
67.15029111069613
66.65490782922802
66.41077561451996
66.41492485382162
66.3664367720151
66.32245579299583
66.42591270551915
66.30892618364302
66.30031278712154
66.26624585098789
66.41139849169677
66.87750541387109
65.42866641981188
64.71616216444842
64.76540372012732
64.76547488771942
64.77124675406108
64.76580227265805
64.76712992130146
64.73953422326501
64.72129745640217
64.72679758280805
64.68948889518636
64.52588959151711
64.18638352298986
64.17438737728068
64.15395332854631
64.17842592729637
64.13615859467227
64.11935914440856
64.11412443473034
64.1339378893198
64.13402776868821
64.114207072486
64.09002921852947
63.91478742065368
63.85573900297073
63.43848680582554
63.855256989794064
64.22589780533984
63.18808760470902
62.929883269217044
62.209456868493874
62.1778966220532
62.18158053168132
62.207263554406424
62.24216324633192
