19.037012846787263
173.4294814623485
328.13885335272073
488.922496378615
655.5261045005194
824.079717930743
988.9431888937614
1284.9910070409192
1443.5667765345088
1593.1461427566885
1738.7348445712119
1887.239994711383
2038.1028247096472
2194.8032516334047
2348.942530801637
2499.0152455704365
2648.377757809972
2793.740356269679
2937.7238253654396
3081.2304507757735
3223.0064699128834
3360.3497142789697
3493.293326698676
3624.535730818365
3758.630932668758
3903.701829675232
4054.471130351291
4206.574843855593
4357.815993287183
4500.7223837148285
4641.424086089146
4780.763246329052
4917.713226262677
5058.350136124837
5201.637077041234
5345.6727038402005
5491.5732274597785
5641.62188318471
5798.409624479384
5951.675887337796
6100.470581114216
6251.947521042953
6402.762387142282
6554.269870186538
6709.627730887865
6874.04481469162
7039.137419265831
7209.37025732491
7377.453574802107
7539.7207789746235
7698.949093915422
7860.131359418523
8022.7010734019705
8186.922891743656
8342.305715607316
8494.030399595254
8651.73565700664
8815.12681412556
8976.582434617043
9131.809210399513
9282.781862586104
9434.265714514962
9589.91895051828
9748.119806758676
9903.01574527822
10051.461819252598
10194.51380050712
10333.577264997373
10472.996427245933
10619.786296809469
10778.185613027592
10931.537105939384
11075.788723767295
11217.54236015164
11362.314804441807
11507.180440458109
11656.395697121738
11805.968856343818
11956.2110757289
12107.314856186737
12258.205116039373
12404.649084261744
12544.933793715698
12681.887950267585
12824.94929201831
12969.747369359216
13121.98972989542
13403.719140118206
13553.434673977974
13704.835263649393
13844.889599432723
14008.728859568871
14171.49843660589
14328.80471118416
14480.370604902126
14629.22440109416
14784.001222131761
14944.104044707488
15107.016133711486
15266.389718940662
15421.106643401874
15574.124065485916
15721.340971322199
15867.957071616756
16015.537205201797
16163.438824651776
16310.519981154555
16460.46762630224
16605.231553620983
16745.37664270239
16885.319688030904
17029.4502305984
17180.441118657684
17328.87582942342
17474.717268662265
17622.75994479609
17769.52268701508
17918.94115235343
18071.869203041464
18224.995386648225
18381.732013651566
18540.84838435938
18707.708490902616
18878.940254509766
19036.788030665743
19183.098140505324
19329.108473960303
19480.269768787082
19632.400873824554
19780.272868217435
19923.57004279879
20063.321286539525
20204.97425500965
20341.489604996612
20470.082225805934
20597.835575537807
20860.61897645263
21107.040971095885
21245.28534776444
21391.45174993341
21542.696203838197
21823.042688051068
21957.550190891227
22122.03631733964
22216.616797532377
22354.897857003518
22476.44603336258
22532.202687667475
22659.248324625776
22802.882373948058
22952.363921939108
23106.797318175
23254.658364895797
23395.532838296895
23536.606462683732
23672.07614836217
23787.12412186666
23878.61669308426
24015.514424297344
24164.45379340959
24326.42928325388
24493.070336765686
24660.010855968496
24814.8402507859
24964.567884508637
25122.741536920203
25290.60418792332
25456.08956537081
25614.512837884504
25774.1673057559
25937.796799798765
26092.779307840196
26230.453755022474
26361.104262383556
26498.897515394263
26650.46362825378
26805.547180104706
26967.319329775033
27126.578280655296
27280.564322354894
27434.947308745548
27587.21300777029
27745.13755192779
27908.176218494216
28061.233826003903
28162.375736644066
28271.503363601147
28413.004936394493
28572.467229326423
28744.65519220243
28909.107921170835
29068.140226709
29229.004797990943
29390.266656761713
29554.79505521551
29714.743117403028
29866.994520852448
30018.123732957036
30167.430351479143
30313.78194993855
