536.5663494243793
902.7545612488977
1277.7499668701855
1684.0780834018872
2112.5288530522503
2546.4261520846485
2967.355087636815
3395.5081776754064
3825.8879721690464
4287.633551195519
4656.030610632421
5057.465257136277
5555.435434934638
5941.561991385024
6396.134036220624
6785.636473685116
7250.743942340506
7706.915418762157
8176.948528877531
8669.00280951522
9176.89757125
9657.347619951548
10134.57574675983
10611.644080213551
10739.914099919082
11014.002100967393
11278.791818889667
11371.39445043565
11763.068382219348
12203.794649502053
12394.113169188235
12904.13352385802
13392.09065997598
13906.232524498544
14418.5451349588
14913.749714959711
15418.607932648541
15898.317078975564
16402.042562160244
16917.61601973213
17424.891648178556
17942.56040871074
18435.872335840926
18907.397010412777
19409.518006988597
19948.57661227742
20466.30632463202
20993.726596619574
21543.201848598557
22100.644537218148
22637.062546845445
23158.957022578306
23711.387208521526
24268.957009451315
24815.170712185893
25326.397365656623
25834.923009363592
26311.445966617073
26819.720535381544
27367.65946986206
27870.3713173743
28364.32901944805
28885.652705283766
29409.25934763932
29965.82418970648
30528.674257168917
31089.166495529822
31628.288222239844
32139.071894514145
32664.102116687354
33217.13738511069
33784.34749660441
34316.581993172265
34882.94853788478
35443.491791218235
35996.27212368838
36562.57550474616
37138.323776497535
37688.90890742757
38240.46640062586
38798.20705921079
39368.88365926814
39950.33558352534
40506.902224536156
41072.512601167844
41629.454810755975
42166.380767826995
42691.27951842556
43222.86889580108
43783.271036690436
44352.932783317614
44889.73803283705
45413.9673025232
45913.51139434901
46333.40348997195
46859.12790386853
47413.43716897893
47982.7204883554
48539.99341292171
49080.48753453498
