33.400085005500976
33.4003070311717
33.4003070311717
33.4003070311717
33.4003070311717
33.4003070311717
33.4003070311717
33.4003070311717
33.4003070311717
33.4003070311717
33.4003070311717
33.4003070311717
33.4003070311717
33.4003070311717
33.4003070311717
33.4003070311717
33.4003070311717
33.4003070311717
33.4003070311717
33.4003070311717
33.4003070311717
33.4003070311717
33.4003070311717
33.4003070311717
33.4003070311717
33.4003070311717
33.4003070311717
33.4003070311717
33.4003070311717
33.4003070311717
33.4003070311717
33.4003070311717
33.4003070311717
33.4003070311717
33.4003070311717
33.4003070311717
33.4003070311717
33.4003070311717
33.4003070311717
33.4003070311717
33.4003070311717
33.4003070311717
33.4003070311717
33.4003070311717
33.4003070311717
33.4003070311717
33.4003070311717
33.4003070311717
33.4003070311717
33.4003070311717
33.4003070311717
33.4003070311717
33.4003070311717
33.4003070311717
33.4003070311717
33.4003070311717
33.4003070311717
33.4003070311717
33.4003070311717
33.4003070311717
33.4003070311717
33.4003070311717
33.4003070311717
33.4003070311717
33.4003070311717
33.4003070311717
33.4003070311717
33.4003070311717
33.4003070311717
33.4003070311717
33.4003070311717
33.4003070311717
33.4003070311717
33.4003070311717
33.4003070311717
33.4003070311717
33.4003070311717
33.4003070311717
33.4003070311717
33.4003070311717
33.4003070311717
33.4003070311717
33.4003070311717
33.4003070311717
33.4003070311717
33.4003070311717
33.4003070311717
33.4003070311717
33.4003070311717
33.4003070311717
33.4003070311717
33.4003070311717
33.4003070311717
33.4003070311717
33.4003070311717
33.4003070311717
33.4003070311717
33.4003070311717
33.4003070311717
33.4003070311717
