536.5663494243793
672.3721271589714
822.7306420522227
991.1516917376341
1171.425554751785
1364.385442636607
1554.9501130791568
1917.6102249693586
2083.454304553188
2232.6518075419845
2370.964476058495
2516.8439562835747
2670.0729226355425
2860.9593862665433
3037.3842951534784
3197.83155733788
3387.0252102480686
3569.142138697989
3740.2601300140145
3899.422172546703
4050.5150761627565
4192.929070880802
4326.111896218859
4455.335877263976
4586.447681131871
4768.746014763485
4965.268142336373
5160.502535457951
5356.0953445533505
5528.585662537716
5706.946168520231
5893.7955706256525
6047.602166487399
6202.579835141492
6359.445357633204
6516.626236295976
6675.34500424404
6840.800658571917
7056.607015858559
7245.7269227004435
7423.542138944725
7625.291113973706
7814.812325666309
7988.8052777709445
8169.403567262891
8395.418644256752
8607.630466404053
8845.783677594794
9067.934215164581
9267.477318880548
9456.172822106142
9645.322867017212
9842.30954627134
10076.966902819584
10279.887385850527
10457.06465233061
10642.205418677073
10840.110186953163
11037.934448005974
11223.564435342156
11400.552535256122
11575.672776370775
11758.367722160581
11949.503813562796
12137.68501959835
12313.61743867867
12480.703429718249
12640.814206491437
12795.574259492389
12962.194762128584
13189.432695650983
13395.848329064653
13571.616474404169
13734.607652003973
13904.450207575605
14076.906321530845
14286.931359782327
14481.069388174816
14666.511600618585
14847.872900716535
15031.732711536999
15209.061455679455
15374.087203777077
15532.141936328073
15733.668898682436
15927.356876170861
16137.077947249132
16649.576173006975
16816.9599397372
16980.37957531966
17071.899226404294
17280.72278895486
17487.51724451242
17684.682694721352
17870.69754927343
18049.496859155617
18274.25955887265
18506.447267563348
18743.631074769954
18955.524717689088
19153.2579559705
19382.364577117776
19575.37687671003
19759.384007472636
19939.240251208314
20120.11744123023
20299.053428344014
20521.127641180563
20715.21883799337
20890.63488781633
21055.5454969003
21229.19270629748
21453.152519922172
21651.56381963868
21837.915180206208
22056.17138582124
22251.259073680372
22438.127664918597
22629.837392601126
22821.60250867885
23054.82654347089
23264.53399091401
23482.217752833913
23748.08617680644
23971.174734716464
24156.793109149883
24333.609768840448
24520.946455968427
24713.036316741203
24897.777135802433
25073.56385756731
25244.93584597126
25455.86806903736
25666.3810986595
25832.333795780007
25986.347947244332
26556.573056847137
26915.258647110626
27086.58651516195
27276.10758444414
27469.36417150112
28068.69782073604
28189.206813864716
28228.63009736796
28254.99196836758
28395.422714078333
28450.423979866555
28470.07403222485
28614.5518173776
28795.42725750309
28983.06070710085
29207.173969180087
29408.35768816303
29585.87848389427
29796.24553075857
29937.46203594375
29978.467535619657
30008.99587935801
30100.44216040705
30247.16206385713
30456.00996839713
30676.511388374674
30942.472731908278
31170.555523494233
31365.556743712616
31564.736435915627
31787.174892010815
32008.377407046355
32211.098095294008
32411.189625429422
32626.809306250172
32836.81750673061
33010.55883361078
33163.020015383714
33326.683198206476
33554.84427831514
33768.086372571335
34015.9176049319
34242.135213789785
34443.0498980713
34669.264878552276
34875.41094124557
35110.67892382201
35350.668455031984
35502.545031506306
35536.9889309078
35598.239461015946
35764.18153902868
35970.94950474295
36238.40817177576
36478.97383264326
36711.192021883915
36955.78947581012
37182.22653155288
37439.257413797226
37668.25407956471
37875.79781623136
38107.32540424527
38341.846094083216
38541.49931625327
