22.511240984596853
31.12540036417147
32.919752111761305
50.397918596881055
73.96885995746956
77.52521951277052
67.06567279463462
53.30040416740802
47.474840869555905
53.309641087801964
57.18211690462639
99.23051232960361
129.21188014013546
119.51480900563651
102.48909590600995
91.30022093669687
69.66331079335103
47.209311952624276
47.788810722119344
69.21594403778984
81.05810568187957
77.9968253110435
84.30471549268985
88.18607586740126
84.50398234129707
78.06507469887184
63.99810015083854
40.90774506843891
19.531520090671503
72.9554839698293
119.69876590978787
153.0372708070346
167.14589857539306
176.2209586422789
167.31538601437737
148.4308050441444
116.66035247831881
79.39352853257353
63.71664967098818
61.50124760779889
61.19718214384251
41.63642888970052
-17.776034296813066
-74.04798239660722
-87.40574141078714
-71.46501988567245
-72.08852244794062
-60.90512245139174
-24.187449811395787
1.8902019305080024
1.832483307150203
3.9152556331896333
32.209412603692535
64.99483577459709
63.56866677370216
29.438611187979305
-21.53099428858762
-72.13312373095765
-83.87009159742402
-101.50477170022124
-147.11600927096785
-180.91534118306717
-192.7848038284198
-187.39296323365448
-160.80500418287016
-128.31821697654016
-115.00935211217984
-135.91081772063558
-177.51192818308618
-193.70385316319758
-175.50138155778436
-166.06335106595154
-166.3893137944964
-135.1348621488344
-110.84268791095715
-90.01073900917068
-57.59755519673337
-36.896089687987974
-34.670867543089365
-31.196329340759362
-14.684109651657899
16.546423589251333
42.12475665372365
56.41827895864966
70.68253672462893
65.12013225061821
29.386124217944854
-11.695588439684286
-24.817420009823586
-12.147797998974657
-11.236523782710975
-46.50712699509798
-95.46987324412865
-158.91636960021515
-218.0816637313573
-248.9496771842086
-249.70961883580205
-245.2687159292319
-249.3620662281874
-253.05989580507764
