19.95377174637287
301.37433057179453
578.4511533300389
862.7538268122705
1150.08985162095
1427.4051755281878
1697.712089231166
1966.3658085731138
2238.9893394172313
2517.443039853544
2777.6982244390965
3050.0395867124075
3340.766167403117
3594.5884337646203
3861.9034698690257
4114.989976413308
4380.013987989422
4644.0265510968575
4919.0462067936805
5205.001868182964
5486.452248921926
5760.4383387380685
6036.960053548769
6312.450524773369
6455.335774219798
6705.001305461969
6943.0604625394935
7071.567265136946
7325.588689902565
7607.135905394442
7776.678709167503
8063.493854970293
8342.979665166855
8621.634044055207
8892.517791182388
9158.357689886021
9417.995645342093
9674.891108342004
9942.588833587857
10217.017301942014
10491.625131281618
10757.123068963843
11002.953561918992
11250.341530716772
11519.198920447294
11802.705249596338
12077.153239313546
12358.023239898332
12651.918801158878
12940.481568926296
13215.988978837653
13492.566333342049
13782.249692907637
14074.178691739828
14349.001902878119
14607.473171748215
14857.524665979141
15106.983498085758
15376.393341449007
15643.11272644605
15895.831051177891
16153.688356871571
16423.031534085916
16700.45680406222
16989.015283231493
17280.79453382867
17562.97271707048
17828.05825200707
18082.793664274133
18350.23398301644
18634.871506097217
18915.12681698788
19190.500132288395
19481.66365508068
19768.569639027763
20054.26394077529
20346.007257730078
20631.881933967066
20908.53081426579
21185.804051750016
21469.59644267625
21760.747996544524
22049.07345871545
22331.756516530855
22614.42494238304
22887.180037179885
23144.849330211568
23399.84477093426
23668.820152201424
23950.69126025925
24226.683194419835
24484.584189866087
24735.639113794085
24978.675762528757
25207.625902580316
25468.028394991
25742.885722334177
26020.66138595026
26294.147684105814
26567.05778631536
