72.97621375485068
72.99116589517652
73.00738512452423
71.85445735067646
71.94305810555582
71.76867268597836
71.21576427983673
71.23352316430643
71.20670316045886
71.05380562319212
71.11709349267876
71.11816490242893
71.09325873456235
71.249235404411
71.27369003946899
71.27093420909128
71.25668205063306
71.00549229672787
70.61873099238302
70.78242360113661
70.36908120854943
68.7995104369438
68.48037783836143
68.49187889998421
68.46939163298815
68.4810842579388
68.48384065185289
68.83362857135147
69.51943742879082
64.47760844642745
63.74888347800651
63.74998492628186
63.761826283546306
63.85293898552923
63.82243446094939
63.111230223122455
62.978219709756615
62.8458084200223
62.84156991320331
62.83960231997923
62.83756528750796
62.84080886334313
62.8446112559175
63.82631651963133
63.808678123381526
63.11403147035857
63.389894712297476
63.119663502073266
63.14555907447803
63.140560355485796
63.1275499781844
63.10655290958938
63.11910897890427
63.35200654772558
63.28576762842952
61.77302850116521
61.630010325611565
59.69338781444938
58.68697324806084
58.77931700840243
56.771060378803156
56.45126916709355
56.4031131169784
56.44904216580976
56.275181241564425
56.040001733562896
55.553627065686044
55.21361001259482
53.200652819897996
53.001617411253946
53.06611776632767
53.4178706028989
53.04437878357678
52.97817422379749
53.47309393699438
53.358121731238086
53.14901569848743
52.29424107145526
52.16456766677183
52.11632801410853
52.10900806133844
52.54796371239552
52.53737963116522
52.29769677107974
51.82308233208255
51.8073184391446
51.80446941520677
51.79349024758798
51.781860903763516
51.78848623755163
51.79911624848914
51.802727741987475
51.84521137683425
51.83972240836328
51.84022023642241
51.83844273511231
51.84295046530563
51.815361076590555
51.78237439319976
51.75688838564436
