536.5663494243793
1761.1986961107932
1853.6389158608517
1955.7707602462094
2316.657918655495
2692.030198731376
3068.319754172017
3917.805929163081
5124.776080554047
6401.576341758742
7466.053014910534
8309.738298576121
9106.199426470406
10277.623363412302
11349.354990532393
12198.341700246636
13497.73455808687
13877.372663788921
14759.88335933171
15660.267915619193
16205.527777818077
17588.441347076106
17944.88387583514
18801.138633033126
19612.77770403886
20076.915690364996
20973.97105521922
21479.707786756575
22467.010733801922
22548.164374215106
23436.985606279628
23533.476822555484
23968.165097136036
23980.623065714226
24326.871041580987
24612.85448201644
25994.596116631
27396.109272175243
28683.264330148893
29545.13724942126
30988.42931923896
32440.95335842714
32874.34481893347
33777.39059794959
34085.95342018248
34104.29853774123
35029.93029216326
35182.12550971158
35359.80035795724
35409.03946478479
35806.795076669274
35888.87035100205
36175.09128205192
37042.31137878671
37265.51104548074
37319.66489680485
37385.306201953455
38073.48782834202
38125.66335582781
38240.76090683439
38355.655675655915
38398.496498912864
38457.252068106136
38510.77071542386
38600.23619295709
38611.07796370143
38626.59405045528
39413.175138545244
39749.397475051876
39739.9835753796
39738.22229239963
39733.760802770004
39760.17493977075
39806.603281656106
39833.20319622702
39863.57863664532
39878.23596638965
39888.66595935839
39926.48369962584
39929.33574524384
39942.900062859764
40332.31524998988
40396.40448708895
40665.34430341805
41437.55601467291
41556.64842792711
41628.86867044677
41877.044265721284
43907.92379606705
44084.67090350569
45303.59941604745
45795.67712041351
45801.35338902501
45837.983802412986
46792.25285892398
47225.65445531952
48145.899496096485
49134.769184635836
49388.28561970373
49498.879687743116
