20.349585549573884
24.312694802486583
26.14566265318812
39.53493165353251
66.03895725426857
96.62884409349574
119.91770628176647
156.866895912078
177.24207198370823
179.46600998379512
174.0641972988523
174.74978327070812
180.2941149607963
187.08948722764904
192.66394065878015
193.27944440015884
185.00242376903515
167.69969298545712
149.23401208039152
134.43454854634703
119.03241445045921
96.22948128271503
65.36042477717262
31.454275696748127
3.4355522716545295
-13.030739516115425
-19.420030873869074
-21.46364520565225
-25.45265576953106
-41.59730084291803
-67.27808781825632
-96.75877498552511
-125.45941146565903
-143.5058815725417
-154.59721467075764
-163.3681517209518
-168.00041964303955
-164.1332118025097
-157.16802980357917
-153.34019020863167
-155.28084066290853
-159.32900765754238
-160.46310579454627
-156.9922115163196
-144.08314779176186
-122.0324733808817
-94.57537779362612
-61.70516654249494
-28.39541611139483
-3.4177414512913415
17.232616827838456
42.67939316922473
71.3466251442318
93.15415573915706
101.21178759491359
105.13043398903189
122.73862776681833
152.6032157953001
179.04182629734828
193.24529459780933
199.05148350427206
205.93533092372593
221.18544607578184
241.54448228285034
255.30048774174946
256.1601484515632
246.23330685998127
228.33026879704585
211.13904251311703
208.68943787922635
218.8989726334475
222.89997163216486
211.8737164250369
197.57902376768723
190.2063159078445
183.4650120511332
175.25934795675158
171.6976380722697
172.65135211440733
177.05659094333376
181.9193840258401
178.33468980736268
162.65402536561496
140.4232229616277
119.94522117432028
105.73219373978992
104.09949023458022
108.46479034560278
112.85014081988247
121.52547171193257
139.99187407076647
168.43163226861523
196.21748956240708
213.86491142261383
220.48333728877463
221.91647321451669
224.85507736793807
237.13039136164633
256.69979447944485
273.7248125200074
284.2486614999139
283.3964806243515
275.09300161226696
268.7895875014407
266.1464787378609
265.03171564441755
262.72131294338607
255.98041419370847
242.80023920256824
223.559692395601
205.64346089440812
196.98681939483248
192.28432016037587
186.4393834161763
178.59039548711792
167.71108237750846
158.48741396031912
157.78590482377533
165.83770909361172
175.17170968659389
181.9606841485106
197.47907696858178
231.66724574171246
267.1659800849907
280.1123248171573
273.19407995956533
267.41043806068285
272.8146554150119
280.6039859945018
280.0977841823997
270.55296843015645
253.97157583870526
230.682664231261
195.78995710625884
150.6135234909258
106.93924315214687
68.41554821326787
40.58245154289182
15.387954806521929
6.731853073538824
10.638572564146529
9.62013759489468
-1.099133816277826
-13.238479454990772
-11.16433527568238
-2.523804611581893
4.9084315692466784
6.265336167081511
1.8646973943708929
-3.2707076350692557
-0.7095958212245179
4.843997514604867
-0.33894263131959335
-17.000492909208358
-40.8922232430907
-63.158205762500614
-72.75726111295967
-69.55681590044857
-59.10003905245917
-42.10425300179163
-14.111494822715503
21.86040173354935
48.60100824274835
54.027773561426784
52.544934047602226
70.1851891634342
108.50757077939653
142.75627029948305
163.22680832603882
186.33356975080997
217.47727899588554
231.37085357412695
210.67498297319443
175.9784161792734
155.76872523299195
152.4815980706751
160.0209834336273
176.47406736245088
192.51925855361316
202.00471217722057
205.30779076595334
207.84234074680134
217.6635942527785
237.62666255043328
259.51174106970643
266.71380403517406
262.2113940948201
270.82344097976255
301.3693486707097
339.5626081441444
365.8185503936567
379.1520107800041
393.9297545669232
414.1169225711728
435.7017087461983
452.75355151007216
457.6961517891884
452.95270086976046
443.5361401455036
433.7630286759676
