8.522679045698089
280.2544651757634
539.9469877880247
815.497314755534
1088.1396469323954
1360.8985848648279
1636.2166035213884
1895.396629075362
2155.0003923516806
2422.9588665590322
2695.6774218094265
2964.3141625502376
3232.7824652602862
3490.4468013055357
3743.0879182455583
3994.5904308876634
4246.056112726847
4497.554452086837
4748.623663526746
4999.3492695021905
5265.233144741304
5533.66973295282
5806.2335943280395
6081.524878080142
6354.341909298897
6617.351462200456
6884.652630043051
7142.2535656399095
7417.3907683566895
7676.613186754029
7952.954953779476
8224.96954638918
8482.856524410465
8753.041623901545
9011.604323674701
9286.273693450574
9560.594789541983
9702.143950246424
9960.954825851442
10104.001758681397
10361.024780484888
10604.259155857326
10751.59137283591
10997.790921829663
11248.77902646562
11520.021180559914
11795.876351800422
12064.586442026573
12332.910218936146
12608.415873518685
12884.41429630402
13160.029025794529
13434.826603528278
13710.92201694527
13986.501047230555
14262.019319801433
14521.311398402588
14796.823537897522
15072.625194553633
15347.498331749028
15616.232136643368
15891.505320115773
16166.711671334697
16442.85468625873
16718.481371543545
16994.007229357787
17269.495318150104
17528.35928856281
17805.115436669214
18080.45315904918
18355.970390251376
18631.46179171479
18904.79061150291
19163.889085919156
19439.05227421037
19714.837629558016
19990.46565479882
20263.879415702562
20539.52540694409
20814.381067852537
21087.895924195116
21347.395162353958
21621.755782911816
21891.550132066437
22167.55435585232
22427.02235807341
22703.505359960036
22978.928171704494
23253.791599546206
23513.015274486894
23788.37469755906
24061.430878516116
24327.496255494614
24603.89380911268
24879.47426131726
25155.020403517876
25430.51605763753
25703.851223376463
25979.50237838544
26252.279542151682
26514.689147667683
26789.71560176884
27062.390940797948
27337.733695902738
27613.350753727078
27887.90849465943
28162.62724858142
28438.688872284973
28712.18897045399
28986.935175928942
29259.70561476445
29528.24140494031
29803.493125409048
30079.089790622107
30341.848723536994
30618.244384117006
30891.69618015456
31150.626008364427
31416.809169854303
31693.245228655695
31968.40469053798
32243.923438388534
32519.393835917188
32794.86824472247
33070.342824565865
33345.13417762015
33619.33515909132
33892.69519826025
34165.723085776
34441.80228490818
34700.88624350311
34977.22610746717
35251.82617212141
35525.00974274314
35800.57326668165
36059.35926205766
36312.38306717533
36588.785275264534
36864.279675295285
37139.07744652105
37414.31630267864
37677.87211105614
37939.51741120784
38191.611461031345
38461.47832619867
38730.6718144178
38998.391520243116
39260.43643328533
39515.75893642155
39767.97727543629
40019.10496902588
40290.540655997094
40532.35808250439
40691.86706352395
40905.71175635029
41156.10503899692
41301.436710922746
41435.90091388403
41572.69298616793
41709.632765091104
41844.199379816564
41977.203828623446
41989.03532836137
42117.78511810792
42129.61688440272
42136.539739305794
42250.78879433135
42393.337817491614
42405.17235299345
42412.096131357066
42542.7152620893
42680.49339829546
42934.05219841182
43067.48156727809
43206.93181492033
43474.5079693799
43617.97066830609
43878.92733957045
44025.31413607742
44165.34971217645
44301.36314750073
44555.93619523201
44807.54912955573
45058.81833529029
45334.26011475398
45602.380246102126
45868.39389286015
46012.560177619256
46284.31290853684
46429.51767684529
46569.01351866776
46712.52936115226
46976.0430687297
47247.38866446094
47391.28043351544
47659.48679131756
47917.82321283423
48062.50075301844
48203.769278707536
48463.2912747208
