8.862220072000323
161.2731340611052
315.0660220261267
469.15503055184877
622.5066258733851
775.7652958839951
928.9843357528782
1206.5575590848803
1354.945740542655
1503.4131377647911
1651.702745921786
1799.865103076029
1947.9557672292492
2101.2585080195804
2252.6105604722475
2402.3755233703578
2555.876545925455
2709.890509776951
2863.1068193252445
3014.013176502601
3163.4902626876546
3312.234973637613
3460.6131143100906
3608.808592969992
3756.913156532931
3910.2171994332903
4064.181145788226
4217.306666458419
4370.542321171949
4521.521034136288
4675.063129998274
4829.142633821814
4980.442931995507
5130.1030769111085
5278.935684376614
5427.356779700677
5575.573437281299
5723.688489085966
5876.993639381174
6028.3459824421125
6178.111001445671
6331.612024871724
6482.993940039555
6632.765975944698
6781.669304783746
6935.06105138206
7086.425108162644
7240.222840596158
7391.651282857804
7541.429649700269
7690.332785501502
7838.79166283391
7987.027760829854
8140.345813874076
8291.699821809856
8441.465182600736
8590.366343123229
8738.825206227908
8887.061521468366
9035.186563100606
9183.256120833965
9331.298049053097
9479.326227480387
9627.347565617249
9775.365501407345
9923.381745026814
10071.397147077128
10219.412130598848
10367.426905989372
10515.441577869853
10668.736126710866
10820.0871201233
10969.851865554776
11118.752848267795
11267.211646487884
11415.447934432541
11568.76602314336
11720.12003730768
11869.885399671693
12018.786560715067
12167.24542402645
12315.48173935806
12463.606781032888
12611.676338786769
12764.976681431148
12916.88127248932
13069.939984778128
13349.486744945403
13497.00960356803
13644.072527793425
13774.893662397339
13924.513043434563
14073.389691824686
14221.872255472854
14370.128936257739
14518.266164486902
14671.573683447794
14825.538849026667
14978.666236471765
15129.527312680659
15278.982312651919
15432.425825173741
15583.794470516066
15733.562277866036
15882.463965832867
16030.922966829567
16179.159324682862
16332.477419205386
16483.831434019696
16633.59679650459
16782.4979575837
16930.95682090098
17084.298958577496
17235.656137715334
17385.422070918707
17538.904403607336
17690.27898003492
17840.048199941542
17988.950348494658
18137.40953180493
18290.751671577313
18442.10884587509
18591.874868031762
18745.35726446727
18896.731868257164
19046.50110052554
19195.40325492996
19343.862441079575
19492.0988808273
19640.22397612623
19788.293558583708
19936.335498620167
20089.632922894012
20243.594626443475
20394.775464060465
20544.36595396173
20826.411202345993
21086.749745324432
21237.59137036117
21388.085823396632
21537.376917556114
21818.23261925361
21958.099757799355
22128.655557067126
22222.19896517021
22356.1597593093
22473.991817577946
22529.070019583924
22658.31597592858
22804.517727765582
22952.71871984971
23104.375319417686
23254.827836211447
23404.03308475149
23557.052574305268
23703.655251243414
23823.50275242313
23913.395101034475
24045.064443823565
24185.505919910476
24333.48503066523
24482.140135898902
24635.710351847112
24787.826364005177
24938.295417484827
25087.648942338477
25236.350402533615
25384.71143022106
25532.899433721475
25681.000520880483
25829.058160300814
25977.093881053122
26125.116263535867
26273.11505429391
26421.013152777756
26574.22282921843
26725.53668838788
26879.0822960938
27030.318651378482
27179.561966266276
27332.293413362564
27483.291837396882
27636.305754801393
27789.36288721899
27931.477955469043
28029.018834626473
28140.39766655373
28277.593215904606
28421.782554991063
28574.873888130354
28726.198645974004
28878.564221318997
29032.039920707477
29183.20819547612
29336.944200842405
29488.366341647987
29638.14644495785
29791.64738252215
29945.662281406385
30096.90043560056
