72.97621375485069
72.99919850084035
72.97798263023905
72.38690265308311
71.29498756855867
69.60928075450298
69.53841913040787
69.51270830883769
69.50656147948283
69.49867287263044
69.51259753865602
69.49837498552108
69.46647337376717
69.52042897160578
69.49969625267589
69.49178762926412
69.49531475506325
69.49215111773456
69.49216951382226
69.48914682422121
69.48996989342267
69.48967206469516
69.48999902348096
69.48998020286231
69.48943731853245
69.48910833694448
69.48667809381888
69.49298459601457
69.56159161910797
69.64742157097812
69.6821155332195
69.68454569280595
69.76757420930936
69.64549081887593
69.16722582874223
69.1910872179597
68.88279191722759
68.84477159063415
68.74619292691587
68.6363764121587
68.63020321917013
68.62668942818169
68.625490864264
68.63159537721079
68.55637206060999
68.51651765923246
68.51236322063639
68.51274954758574
68.51194081096892
68.51281085422572
68.5139217021552
68.51451591737917
68.51932734104348
68.52114622106927
68.48355341051858
68.49452577153858
68.56477186289933
68.56224301614908
68.46781501605712
68.48568883176355
68.44172349606082
68.45359025345057
68.45361174374514
68.38049520669105
68.3792936488882
68.36732092342959
68.37299708027984
68.36154078438646
68.36287965126557
68.36105569436342
68.36222858607692
68.36090005948178
68.36008601836409
68.35941059414859
68.35656387237606
68.35567525305638
68.35569407831807
68.35571375772953
68.35549247420244
68.35563950462583
68.35567601227446
68.35569241947562
68.35548601406336
68.35549573752164
68.35550126959934
68.35550424316196
68.35549212366978
68.35547430529763
68.35549590508246
68.35551910724651
68.3555032104981
68.35600224242167
68.35617158049048
68.35615681542504
68.35610183984022
68.35609411015709
68.3563916296765
68.35584523003754
68.35571507795231
68.35568561772766
