-23.843508546680223
-48.591331361544135
-70.24115967714428
-111.57045492000432
-143.8074991720131
-161.05652868497054
-175.09108231549368
-176.47639056717273
-173.81889328337238
-206.42837060853822
-244.1548714467626
-280.05808952023244
-308.9982137151407
-335.24990326571856
-364.3093230056658
-387.42965590536244
-406.73665343372755
-404.64800566872435
-407.13784927496584
-421.77598994168943
-403.4150371509225
-358.8847242115834
-322.5133797762708
-282.5651327199606
-241.84459681348284
-212.3679401956523
-197.18639569780916
-193.81794333485715
-197.52391346965362
-211.7615022072664
-235.87794368312433
-246.49201766581535
-224.4389483448116
-189.3946532465286
-179.0623642108318
-202.64778342461463
-248.4293481956054
-270.4927401165915
-280.02426003941713
-265.75262702235597
-234.9819154363962
-217.46009884642672
-217.8536609359511
-224.2930235600759
-231.43253676173615
-241.0792928859193
-255.87466173994534
-280.9816835388941
-320.89881636141314
-361.3665951055105
-378.75312455436483
-380.04505601388945
-372.32726530881627
-363.31129601935896
-359.2209014049103
-375.8523346331246
-411.97664224959397
-427.95490334769545
-426.9089251568959
-439.0667866176349
-452.8265709426311
-446.1061289964488
-423.70367660704915
-407.9892979870803
-408.3169626236129
-394.5285965823887
-359.5029794617543
-345.1680161038122
-357.4564401902046
-375.83614398594614
-388.3776999791709
-383.407385806074
-374.81170000888716
-360.3992530160552
-359.4148592082382
-353.57413712854407
-340.0637269248804
-336.8550419369141
-348.58556502844937
-370.4396881619291
-377.8267033346701
-368.00239528858447
-379.2548289600646
-397.72398255160425
-404.7411327920783
-395.9298536327022
-372.72937261114345
-345.90123674648237
-311.24302789044475
-308.75196744624066
-346.3946943249683
-363.8651397159292
-349.9896435628588
-324.81840287921847
-278.0511431411737
-244.95488880753268
-227.4258992626575
-201.97433732252492
-193.9723658165602
-232.1087874202214
-277.3434530624204
-312.4900992602173
-320.33112694316793
-310.4059814743234
-306.57865061668633
-315.6397628716357
-332.67171238717685
-369.5578476431943
-397.26731805877876
-406.0783594470015
-394.2701312337708
-365.910485592917
-342.6947300647264
-335.63998505970164
-344.08158868617363
-354.3398245927054
-361.33621908269475
-369.02802299514804
-360.00445621997636
-339.27564721592694
-326.4498066449336
-307.50449229061985
-281.50599818356545
-278.46190958579336
-276.9464930616764
-278.2331728577755
-287.35403513974785
-289.64565359100334
-281.9252915605584
-260.87177526556604
-236.09456617232772
-213.90945133016788
-183.1747058934419
-159.19104815052353
-145.26760023293542
-108.62269310001534
-71.67262140250413
-40.99411172120778
1.007958517288884
9.817017837886958
-33.9651639595728
-46.45616812189654
-21.032582279418047
-32.00400346004736
-78.79609831313131
-117.45228275653022
-138.79320116060453
-145.65195141892792
-130.29419712951585
-111.18398671731907
-118.10513251832396
-122.69910114577515
-109.18139926052214
-84.22900726070284
-51.53608890317675
-19.510714316144437
-19.560835660893105
-63.500751742089435
-81.99091509827888
-70.55422306592854
-99.07486860543386
-166.16830396937144
-220.13516029968343
-235.75246061338007
-233.0671045543915
-213.90706191017765
-209.8652230353589
-223.91925465255343
-225.20432473682885
-213.14345635764658
-223.0460400659474
-268.55298204665576
-303.7359516317018
-309.22259799587493
-297.29811500600744
-311.2860615513792
-335.834808727705
-348.218604484611
-345.18775858241827
-351.5657035157697
-367.4457670196168
-386.6664149634173
-408.69124761390464
-426.8369669909037
-432.9081990375329
-432.5145070341139
-440.23964130221515
-436.9315661731294
-426.6224251728312
-435.00931709116037
-466.6372060977492
-489.3125508569832
-473.6258382771475
-451.2930908035613
-448.85297793926935
-454.8607828469976
-454.45357437398974
-461.24061238284276
-463.17350967627505
-454.66147228304453
