-25.150548073131837
-63.66794529176824
-115.56599425044274
-150.59313329733916
-182.00131088018415
-196.82534679374277
-174.64981987827562
-163.6822342811886
-165.63383627400003
-196.83972936972617
-231.3616242132825
-243.49865356227184
-257.05982406960226
-265.09163107763635
-255.24507869017484
-258.170203966076
-269.4456274997717
-272.5597227988953
-281.00726282629995
-254.58775537545932
-206.56108045786553
-178.3189239942788
-170.96740703649246
-181.06497738480033
-189.54852338415364
-200.21134904228182
-207.34114506840405
-206.50092072059
-188.0947720533145
-150.09276165561877
-76.94527248722005
-42.13934792970717
-21.713376724177046
-5.92918276957908
-8.848365413344673
-21.6893263685279
-29.671258012089858
-41.820822731736946
-63.153908759843375
-82.65228864216385
-109.4846250586703
-122.63819711079601
-152.3012559961937
-169.0973108150775
-136.5230675503971
-85.59071290200933
-81.59367589599977
-124.85382749348003
-160.31112052467856
-199.03433764622238
-255.34661780677774
-315.5488260796426
-341.76763808611395
-366.6905766050131
-398.71679814623013
-411.9481954882885
-452.12626441639213
-463.755600000929
-463.489381990762
-458.70487787795594
-449.5468477278257
-460.43894763228917
-459.3195868534804
-469.16337182159543
-513.1944483658395
-552.1009888043668
-570.4134553033412
-569.7462034697218
-540.118781084427
-533.6847043046254
-566.760925851734
-623.0243665053459
-673.7453005974917
-677.3632879696191
-686.7214236177651
-696.0267363870362
-701.9117055661279
-708.3952857289746
-721.9982080680531
-733.2143360703625
-728.1976167942569
-714.8403630866947
-718.448746703313
-730.4662343348127
-740.1060343038415
-781.9015321708966
-829.7995505496879
-834.455387896817
-831.5469718057952
-851.1177194760518
-874.3401629006211
-884.3503381386878
-900.744060666132
-941.9426445548345
-995.6245705363741
-1004.2608197845208
-989.0229955525904
-1011.9636737981723
-1034.6975073899057
-1051.6642000830288
-1088.6564404644814
-1139.9718793733127
-1179.2862604722611
-1199.8993402225576
-1186.6336541753842
-1171.8680599856602
-1181.5252016468648
-1203.6920521789632
-1201.6404026623309
-1174.4173898867543
-1139.0108414946578
-1150.6119404007834
-1150.5254373681678
-1130.0427922036547
-1100.1695314674112
-1059.1563819137832
-1043.694898961807
-1046.2676324331987
-1056.5612221585707
-1081.274675486693
-1115.7399787944928
-1120.0494357542848
-1109.0546705952322
-1102.3931776228826
-1098.5608334292117
-1084.1518071753612
-1069.267121691363
-1061.5173955507234
-1053.0473688239972
-1039.1406834239233
-1044.5174432573895
-1082.6958706101032
-1137.8357074680932
-1189.1958998516725
-1217.0083983733632
-1234.2810008663712
-1255.3954230537906
-1273.1402780178307
-1289.2246109999944
-1313.7954497393293
-1356.064011286265
-1380.011527863244
-1392.1766423710446
-1392.5555675014537
-1366.700196890319
-1354.8656439435795
-1351.8038534491243
-1323.421330011786
-1308.5531969162005
-1314.6522716995391
-1318.1486259563155
-1326.5302597951202
-1341.2274369889346
-1350.0827254230537
-1361.9284872368398
-1369.9447857507412
-1368.2542445174986
-1351.9136066101198
-1336.4983638698186
-1325.7605745494357
-1313.88497141346
-1301.7029475543363
-1297.0692076816104
-1300.5487183622215
-1304.7407579152743
-1310.4643386175255
-1320.809094002747
-1331.638556080551
-1348.2527045247903
-1365.2903623375942
-1375.812077288885
-1380.4207098949955
-1389.810131141204
-1418.7140647609722
-1445.2649284081256
-1464.9505977296053
-1472.3395890357222
-1471.3244962767121
-1470.7408631288388
-1480.4602670546737
-1501.107080761813
-1526.9098934682363
-1541.4834907216557
-1548.3482656199776
-1542.3105653127545
-1532.363209974081
-1536.389475686562
-1553.6558777945029
-1584.6489721984913
-1619.139044335308
-1655.7263706968108
-1717.7103269035929
-1768.5846410197416
-1803.878990382627
-1828.306265782721
-1819.0989517174469
-1799.3811054552968
-1786.2991495111407
-1753.5429123129206
-1738.1488491776647
