82.16597795857055
82.54578046709054
82.70571733067973
81.0637707569446
81.20259257924323
76.72989189425124
76.64433831215678
76.5645363713705
75.99800950878536
75.7538183187288
75.38536922220561
75.19005131615559
74.94234337818926
74.1305807242602
74.1941157916287
74.2208363594625
73.22463919175455
72.04455216016189
72.30106578155868
71.9918079366552
68.6339150877267
68.97362599844888
68.55206765802627
68.46850047608014
68.49488761989794
68.50186159263018
68.4981050958056
68.50687005879931
68.5244287994471
67.41542741853435
66.55184600560133
65.53622127287694
65.46884448076455
65.48385829316892
65.79319274012627
64.4984683446191
64.50147998969173
64.52737972783265
64.53919683073757
64.29802474887528
63.85167497511287
63.380542497573735
63.26176186210159
62.84557745570698
61.837051589412994
61.98647838667238
60.74257792942851
58.090695824380624
55.88881082745789
51.940940053319736
51.315936811417906
51.1460527446793
50.47821020065507
50.38968245723799
50.20933495078156
50.273842206174315
50.306136038125615
50.37556546837407
50.03864998133268
50.607961654464404
50.23351361257551
50.101828178607704
49.954338652711655
49.7153855710194
51.87972785929824
42.473371645234565
42.8099486945717
42.68013682608409
43.166999134317535
43.136955376449116
43.789405602909646
42.24943991133331
40.584513596091455
36.74081850622997
37.74682293178461
37.488273750070405
37.72796417293926
36.60115582807801
36.44223309715421
36.314796869630506
36.15193738997075
35.61318819197221
35.68304234557115
36.3476843582058
36.36409558431668
37.091075700476196
35.69293044227484
35.98129659738486
35.79386987883402
33.51556554993519
27.51232545226193
24.13901579979902
24.17282697797966
24.122948591102258
24.26625973509285
22.20485689020841
21.063803541985553
21.123606662652332
20.14790888666859
20.269157416992922
20.38239098735879
20.254193059123303
20.20010004320092
20.08931448775857
20.08381941416196
20.094072342406392
20.40975615879647
19.5025807107688
19.575788491816233
19.09566648060487
19.14713226514833
19.10647974805124
18.817594432615397
19.063271303839244
18.9871264396964
18.598776780615783
17.348214453325923
17.006136753390507
17.207683101215867
17.165988319963937
16.94165866837648
16.94763891646625
16.95446282347629
16.90001217834213
15.693098391130134
14.309963499990767
14.234421807729852
14.22548392491816
14.225119432642858
14.21675664894437
14.191517942224573
14.219430045020374
14.187597829749992
14.06548230815993
13.928902212985468
13.94198820223251
13.694280159976778
13.59976628761748
13.642244260433861
13.708468118075894
13.689110887303165
13.780925854243728
13.149736322758178
13.02539450871809
13.0858925303992
13.08786010406173
13.10789571582163
12.95903586357336
13.035638061537279
12.840102527131046
12.857179608462577
12.901993982488115
12.020765157689715
11.29340340625895
11.352976080342803
11.380664201994476
11.31849407814642
11.317808617302106
11.302639189080764
11.302578305723735
11.30284391030102
11.302848865752189
11.302357522440605
11.29854095616795
11.295491407898721
11.295218064805622
11.290662121315702
11.279432837237898
11.275085444134412
11.2500826482001
11.250219730155413
11.226164940583152
11.254936685466541
11.207004526066214
11.202195693227543
11.210014500123531
11.184295450900452
11.162389217942273
11.144782830016865
11.1440462735993
11.128308560923504
11.12931142575024
11.135189417329272
11.193779721394419
11.187472493021767
11.497207888431783
11.40363649624038
11.402719028973788
11.364999554210327
10.767228413070857
10.706004105267947
10.724539929552263
10.75141864723913
10.740586753806033
10.7279379047689
10.660852736180464
10.719514471277664
10.770575926021396
10.93152561047269
10.368124511608961
