40.55959006970387
79.61296044084992
108.01606388420002
121.682941814388
120.83801921527849
124.9906551738063
128.81014490320598
130.90326002921486
147.53494604657087
160.2279813489363
169.58572999473543
175.35319770922777
172.81811391748437
197.85878717275594
229.89838977309932
240.7668309385992
250.95395244416954
256.13443945351844
245.30934032969373
216.78969854007215
193.21374755346082
194.9501698218439
181.40323395764773
152.9838211856694
138.62325245999367
146.24121362629583
159.7092810126009
155.69473986896094
127.1176684951202
82.97349421335886
18.517391660500692
-40.649403138055405
-74.62731341092578
-80.93121008821737
-71.82713025061935
-61.571788564818746
-61.31746898172096
-95.04894481339943
-157.91272909675098
-221.02780377303404
-244.6956362931407
-226.04615861795116
-199.17884653604472
-169.31521099744344
-139.5870873898979
-110.20490828068479
-90.17515594089822
-89.00065757954603
-91.864602653797
-84.13784158940179
-88.4715465761133
-88.20972104933574
-78.4600263531527
-54.94345512548419
-2.416799231799075
66.26170798797546
119.71431944092367
152.58725056461935
172.42179509370843
178.84643494108153
184.04345190643423
202.1926650710184
218.2824152819591
226.05362913307812
229.81254975465035
222.0905510270556
217.45711722545488
224.48919254524327
228.5182640078412
257.0959430771876
291.52666368903647
310.6451048625004
298.67115577659774
274.13402636522613
293.77370890891115
341.4251608109054
372.1812759905034
377.8970437352083
381.01141282119124
411.84439940332453
426.11068923711935
415.68294881867246
383.77574342720305
378.5723351476101
385.2928679169169
385.32945213287945
392.21583973479807
408.7981221241508
428.4922826714028
449.2336139253185
449.7065895258806
407.08303457257927
370.6780588282958
391.5483257501966
433.9076422363584
455.23513900505935
452.3168812505635
415.8602110520211
367.91793252485667
332.9536902723092
334.2454672797652
354.6923341734684
365.3759293701067
362.99303140206445
357.2077441053135
341.3144561382603
318.56045313057945
300.2763211561526
286.8682581892025
284.49711932041765
268.8678346426054
222.64169605612378
178.15829279902763
166.2273942342026
174.64582025337515
202.94977264370618
243.8928594069912
269.0132163147249
295.1520332598708
342.67810210945726
400.26834464958256
443.7467796834731
458.6406548005644
453.51982210805255
436.0017929233799
421.38200450952814
423.6264170099038
431.72199988440104
434.10974443830656
439.22298116238255
451.8079612440604
466.59168559609503
479.76160369697425
489.27394978050756
480.3464488695053
466.55955470402176
467.45098253579863
472.2688905400957
475.1307400739554
468.11052765398017
452.7265712109809
441.70219032289776
430.3662256954571
412.32114803746646
397.2282874236195
388.93882679730154
390.86837713444015
381.1538729964562
391.57379281386727
401.17600110426355
405.81385582349026
422.5842743225268
438.4606759609042
416.2316828256224
396.3366912537254
417.5132279715002
425.3862952397304
391.5118611856086
360.2044309196858
349.4467850935928
340.1053377950562
342.0989383134974
339.75694566114913
345.4465294315501
376.49276723668606
426.52407701858306
467.88518646422824
491.5321139489448
519.9125912829147
562.7678091284839
600.8867297954927
613.5279518950974
602.6211218685022
609.168187337273
599.129080245513
572.2792364671111
561.349082409255
552.5563235803262
551.7145130852816
564.9131084469001
570.8472868983129
569.3135733496152
547.777135053897
557.2297800593756
560.4292946016453
528.4250179794855
528.0858266952665
535.5947252918434
543.7847930310049
542.4429921424127
477.5411741958776
391.478160673561
370.00793219955034
363.97930939299596
340.2575359049436
289.2697955210306
276.0684871423355
261.88548170208304
255.9683391449791
264.1428812432708
