536.5663494243793
831.9799038851089
1111.7009034705375
1397.1577842125184
1758.9154631777656
2100.3398500225867
2530.332841159337
2971.700889228907
3380.3677342180613
3789.3319047689115
4170.042759449006
4541.618584158597
4998.868629073902
5389.242562222603
5837.6559573022505
6242.0069445177705
6650.394260758095
7048.533404108286
7529.294874687558
7997.914513158135
8516.97858149958
8927.567171857383
9383.87871339436
9492.447805202244
9603.06017425734
9722.197024368985
9761.63790519333
9846.993398055256
10007.558124652553
10079.734588225278
10517.290732246074
10688.759336338897
10822.039029753785
11322.019748821847
11455.240382138167
11851.813550259354
11992.2481512765
12108.80798949282
12445.28636475752
12908.01195545169
13367.732941730175
13785.548689063831
14272.77404132463
14646.603463136895
15078.937447234577
15555.426173784434
16077.52929458182
16617.068864586865
17099.812099960556
17552.293543286618
18013.00251654502
18134.26970029762
18213.643923351716
18624.003353287262
18732.140726733265
18906.03058971273
18951.85534007454
19366.3865063434
19803.093188508803
20348.89833039035
20808.965250314835
21235.459624558833
21660.05195174912
22206.669335832074
22675.500045967077
23183.658823172518
23620.496223168597
24052.988458744436
24594.098357351275
25116.003174001373
25682.34315432069
26231.156231286983
26689.02801484561
27163.292743274505
27514.634678680188
27950.737727383876
28090.93650964267
28194.844170489134
28307.548921190228
28405.424526016614
28882.971127933157
29014.415920229283
29126.17699809245
29133.886901149814
29190.690114348075
29453.96847888022
29555.093378371177
29652.42671637258
29782.25177477481
30238.224949341824
30350.47719277175
30773.440765752526
31234.531756911958
31713.74261526393
32152.204671701926
32559.887590530598
32932.04197296243
33324.95762798703
33724.76129335806
33894.581856698096
33998.81789111802
34058.25900755947
34137.90652335128
34188.18556418952
34222.75168350863
34527.15039263245
34645.60259378409
34843.83321393417
35052.509826699694
35498.74155790086
35609.280379107164
35698.97676122905
35795.55982018658
35843.019046226436
35910.31972648432
36261.74103616422
36318.42418471183
36700.195105113315
36810.95689549048
36895.687151422135
36893.16472765727
36888.36217617576
36912.10938043579
36995.937913594724
37053.54055227373
37166.6594463077
37247.955774950366
37266.32705737383
37342.024919622694
37379.17227021907
37417.91991779734
37488.351802803
37671.771873771424
37810.3419677421
38011.16655850212
38173.764050345926
38349.225548458715
38634.08321386468
38668.9926615293
38661.44570182729
38973.13722508957
39468.327010723086
39831.74927838245
40315.03338605871
40305.23178748152
40672.943281842876
40787.817976323335
40930.38420121504
41070.773013329715
41193.428034845696
41310.605393087855
41413.82797404862
41540.30000367861
41937.906225816914
42005.94199312973
42074.015316076766
42108.4053869221
42136.67558704506
42139.550805730105
42224.82610279557
42231.492225318434
42239.46685778667
42279.140351481314
42379.56092351583
42371.1850025447
42359.7806229261
42339.710134150446
42340.10783261815
42491.954665571386
42526.84953245918
42582.221091450505
42624.5370304762
42652.24867287877
42690.415782909535
42735.252445981925
42769.94665216315
42813.45606223021
42863.74563224496
42907.7621008672
42942.22331200937
42960.63744980328
42988.30429637805
43092.23911495512
43091.398940901985
43110.82676932446
43119.42066890747
43170.54842286597
43167.66340876799
43178.66901532437
43262.79467336207
43234.03149014578
43215.88681600567
43202.737710785004
43228.434724849256
43278.39308864932
43304.68933707785
43684.598456952874
44207.21196386574
44311.89478218248
44415.710082245605
