536.5663494243793
753.313933878361
884.9762621616682
1275.8636822737403
1687.5281878341593
2086.6327474600253
2462.706576054125
2831.1422897243915
3266.367430949644
3663.1804463229523
4041.1865779295454
4483.651842249653
4999.214371459545
5504.9445584434925
6022.2662539180465
6432.174180343915
6865.877543437772
7289.106319076189
7784.172806020206
8252.096737426225
8700.27464588178
9190.473892866952
9605.731004836789
9969.04109446438
10408.472396353623
10877.121339994615
11336.03195616384
11822.142581658693
12297.56533594633
12769.633761636767
13205.685089088505
13657.991884077259
14109.99088564047
14616.868420719446
15123.281532261355
15634.51044880784
16073.382361292657
16539.56965333636
17024.888144543325
17492.86163193694
17948.687992774823
18483.64515123253
18944.109434317877
19485.45891924007
20013.430165717447
20477.59392890158
21026.330375229943
21556.05049474149
21990.000347374906
22600.830031701917
23126.902091775326
23657.79145901098
24201.239705170865
24737.595047666684
25287.770522859268
25874.458883565218
26454.28740433907
27018.125809949062
27574.695175715668
28120.50570960891
28655.956259475708
29184.74424390997
29738.585924322175
30288.980872687724
30833.861242744635
31377.509796981696
31875.830654549805
32440.34573956963
32978.09478260419
33513.466182022756
34085.69184583884
34633.51947199805
35169.71574841942
35597.91213434278
36188.82639081918
36628.036864635185
36946.103942672366
37310.230030808765
37498.502470257634
37931.404939213084
38463.375648802496
39019.51362774478
39540.790491748936
40055.73264631323
40571.581315455194
41077.93031404398
41614.1872696998
42176.246983076446
42750.15584123383
43319.30601670944
43892.90479377471
44434.035699989116
44946.22199862847
45505.16017060441
46105.60697126926
46680.35135386088
47249.87071792472
47791.47252571483
48315.31885331179
48784.558468052266
49240.14781950311
49832.23346836614
50402.76980843124
50957.73974869057
51468.416878678916
52006.266103710055
52535.55591716973
53059.09345997864
53613.43339497441
54180.02263430396
54743.857050976214
55289.751257761025
55817.08072475358
56366.25087903539
56948.570722670534
57521.230285526224
58127.52793270123
58716.83832518751
59297.307400097474
59893.561874562285
60502.82290442117
61114.40860693787
61668.8367810353
62229.22919188312
62776.70748182719
63300.96912843704
63777.72609594292
64243.41307089363
64844.87451490751
65417.85718901446
65961.43634992641
66158.29775292946
66679.68137088849
67312.64174826398
67899.74101379345
68461.49697096852
69036.81381051068
69612.93062583245
70189.81476854309
70766.67654067434
71330.47973536684
71895.73111621715
72301.15270308663
72864.64265859345
73405.57883739632
73956.1069245784
74638.22070053205
75265.05387393232
75850.4802435199
76048.05481380045
76541.60134873142
77121.31481202679
77658.42563809869
78264.87965225216
78918.22278521348
79424.37213641078
79692.36249614453
79692.45942445357
79896.38882435006
80417.67142419535
80620.2926792569
80708.62131030257
80860.06321360731
81446.42057866602
82044.5048509352
82585.29192490276
83157.75836946942
83400.10958417907
83850.511337758
84085.04463257405
84248.66500549401
84789.82385508252
85281.322689506
85820.048519746
86301.75049611359
86843.18616410924
87361.2982381226
87786.87591253042
88307.62802638832
88516.98188896723
88735.91811464267
89119.59515072766
89258.91610340842
89596.57276176335
89855.3444583722
90353.98316130506
90875.40213062755
91579.93457449367
92252.63739005242
92974.53228921386
93538.75162775193
94100.97089257173
94567.78376945137
94770.71867266239
94844.65854385294
94981.30097909208
95102.46476166933
95117.25179861579
95218.91471843753
95616.41012004013
