536.5663494243793
834.4455370442085
1139.1126876176447
1467.3248449071168
1772.9963147648818
2183.0004102876396
2528.3752088607434
2938.734394218435
3385.8275644324212
3777.5305490920573
4130.819291639377
4575.323352087518
4972.669209926501
5398.382105594022
5765.1062051670415
6198.943525798052
6577.454910653077
7002.455663035008
7443.581072429574
7890.955746236739
8295.8721341023
8767.231356219436
9241.717713977065
9690.425179271962
10216.531413377224
10736.234820189728
11168.65148693288
11672.498786064882
12173.93101192025
12676.584194481205
13148.03120004303
13593.38166886128
14055.268302494733
14512.070529271961
14604.601822321792
14861.751977945052
15213.207407703043
15339.330892589083
15471.051673619197
15597.267192417823
15741.543677352056
16231.281778224366
16353.246209663925
16475.558026831503
16957.757798038936
17117.91879078534
17249.73868812327
17367.027901382087
17792.997580848463
18203.750065497356
18668.664071477608
19179.987380163257
19663.7091561891
20139.016230471116
20274.609033832876
20311.94845242284
20449.126430841854
20728.89525193857
21091.001356514505
21124.06598661291
21456.971039214844
21912.93556804379
22450.226956181134
22983.713952660622
23502.03692446978
23999.032861475676
24524.183799549322
25049.81593288893
25570.41180920406
26063.93992315091
26586.856190003902
27104.17951386884
27620.636803666042
28151.645241880622
28696.248739662224
29224.214901778603
29761.68723574662
30300.7111489383
30763.983172508433
31294.118741173552
31845.270865071136
32382.81713604611
32912.83384339389
33442.51207216388
33997.686321926536
34556.74670475904
35133.3175744614
35702.4727227396
36262.87025973566
36777.966122681224
37300.90696577595
37837.469107551064
38389.07518215461
38864.91064561857
39458.83779842285
39990.08306427047
40542.01686309264
41102.44853913431
41660.627993497066
42200.10548550172
42745.05853952472
43267.026098705916
43793.48884342697
44342.7989494257
44779.07772849154
45272.87586036651
45794.07459243698
46356.17095269973
46814.37067680969
47376.526333236245
47885.10466488756
48215.88903771274
48702.46187354245
49236.41283705167
49793.70607908386
50303.3486868994
50742.13060635617
50974.08315591037
51262.93728036799
51674.55852095494
52152.14657832849
52521.5899632759
52945.99256101859
53294.86493040557
53775.24440356588
54221.84726039802
54439.90085263876
54560.15241753036
54621.92112188497
54916.74628821646
55389.5757967452
55954.51462464371
56522.1245620604
57098.927420615306
57672.52382870853
58243.466113635004
58829.9361970862
59449.734550835055
60013.39093945023
60555.25750440581
61120.868546059835
61700.280591893614
62264.3533697057
62809.853522919264
63362.17111583605
63926.09455112031
64493.92744459046
65076.23738452299
65688.03060294919
66275.75397912152
66864.75030962705
67461.7249261424
68036.39656838245
68600.2721071549
69161.47688649934
69751.73490136143
70365.63202389501
70969.41480885941
71537.22382167986
72111.35668899996
72686.56880044374
73229.2759278489
73802.48139986528
74281.96470533678
74820.40847035451
75407.75018600537
75924.63599415754
76509.19137374667
77063.5937632498
77608.21160148617
78180.1351321426
78814.75503986249
79316.69622103451
79890.42763399977
80449.73322534577
80984.82397354896
81550.72339438988
82148.04240411193
82733.03139828671
83315.52132599844
83870.98931817539
84451.81950500175
84939.18327915743
85457.49989568425
85886.79886300911
86024.55776973955
86063.78726793054
86466.30504717097
87002.20723397788
87424.3269262773
87908.00748209601
88417.45345843441
88917.40968659041
89391.9140766052
89951.76605483779
90529.12211775406
91103.27702986094
91702.024741825
92259.75031431446
92867.80543918486
