8.522679045698089
279.23284003615214
538.1427928633016
791.6680305783544
1057.851512902986
1325.7635521238608
1598.2089046072072
1873.4684521682204
2142.227208369606
2415.0863044715347
2683.7355288204994
2941.5351873710106
3217.0353404636985
3480.6903472187473
3752.8710650371413
4011.6676900212387
4278.350164074154
4535.976974405562
4812.4801574917265
5084.346742311663
5360.217707090572
5627.606211668629
5895.638107222615
6037.9749782860235
6180.085095420095
6323.5183812952355
6445.62343573293
6573.939562019329
6807.354209756935
6915.552475483564
7161.887632589147
7306.865613717364
7447.309766302802
7697.5584387841955
7964.01432658949
8224.141083415485
8467.89453472268
8732.917577024175
8994.781541259588
9137.133987229055
9393.973520443971
9662.689817462571
9933.988398714931
10205.95556258893
10481.495131746931
10756.181131077306
11015.159132482402
11281.745464367243
11535.26249449933
11801.459971110608
12068.524648544913
12340.457719402924
12486.602893311454
12617.19904322513
12860.38002897576
12984.000649375974
13137.898025416685
13369.410475565823
13617.292661303163
13867.535063442336
14138.720256526409
14397.278519210951
14650.272977810228
14926.874927124716
15195.307542587554
15457.769367628889
15733.922557098718
16006.148410326763
16282.503926150726
16546.278887183515
16822.691907901917
17097.617760297642
17372.993741973187
17647.06410335551
17924.212533225404
18063.2941904178
18329.40211062585
18603.454601586865
18744.049020708888
18880.751163853656
19013.739858512577
19282.99522262658
19422.923743506006
19678.83088896651
19823.929966526932
20088.37862801204
20342.812930310014
20609.51583758215
20873.829359439813
21145.386441761293
21408.70945707402
21658.1745645271
21898.840653488798
22151.70264783042
22402.734133827722
22635.190420041494
22722.407058440225
22944.77623968406
23172.22042191754
23392.59519065523
23545.73697554416
23705.423716789788
23796.667400599068
23832.759457388827
24042.20146200185
24214.03336957939
24310.886383083653
24530.70093989321
24780.008522101307
24969.337198159516
25116.808658136004
25374.18806471943
25518.070862485823
25656.177794762418
25782.03770427753
26033.99064406935
26293.849639329168
26545.28302083851
26806.00164694715
26934.41805916289
27199.517209985665
27343.650121400977
27483.18694194879
27601.97657849678
27711.604879555776
27808.798558019822
27923.311297478154
28134.47683182895
28159.35943865538
28235.299358024102
28286.784462700864
28395.490490728447
28520.18811048473
28640.75620507753
28764.230631298964
29022.209963694873
29147.426448579856
29284.24855954331
29410.004487166196
29499.34130994442
29616.153893979994
29786.005698886904
29965.26375985914
30050.571278635147
30262.225954795318
30380.63496355295
30438.330496674345
30669.200734432132
30935.215343902208
31209.63575654766
31350.670509900778
31488.50200468181
31630.16948879242
31642.00380750583
31785.25151799245
31929.26741387835
32199.204943011435
32325.663341221698
32466.581796786577
32569.641047079193
32599.551696509818
32707.039688379376
32800.649565366926
32860.38593374498
32892.584714985715
32932.914986536976
32988.05600637531
33008.737212964676
33096.39123951428
33142.62939547645
33234.11386951057
33285.47836499047
33425.13377309831
33666.92962182707
33809.296790519096
33940.473022286336
34080.47412557817
34217.79914263457
34348.80159266374
34452.98449599435
34534.15944784825
34615.041681968614
34856.186836353874
34971.02321935286
35162.01878669427
35294.7916881514
35381.57974251633
35478.486006243984
35540.72752998293
35569.084866159064
35625.420391323525
35806.81419155659
35901.41578613567
36104.1208656205
36294.44469896029
36365.053980664794
36488.87233375468
36593.56693136737
36700.95369987602
36813.293040943834
