8.522679045698089
279.23284003615214
538.1427928633016
805.3739421676315
1063.272682164802
1338.4293694648968
1597.7235321941994
1869.7114101099428
2144.804754360022
2413.5490763214098
2676.2639003548247
2953.0471891794614
3221.5958086568453
3494.365091786977
3753.160272468885
4025.124328053238
4283.97011960015
4551.073428165024
4819.123598199566
5092.014707860049
5350.821499208823
5617.500246899409
5885.463683316818
6147.7839392854075
6422.861779149998
6697.962287361557
6957.029068201354
7232.54607609462
7507.51384341653
7783.65884544919
8056.254579473208
8332.184753610367
8591.58024646914
8867.908801732447
9142.920510940347
9401.664963292264
9678.420116600018
9950.06026952378
10224.628018092228
10498.10272420591
10757.140852511413
11033.907461995863
11309.247366059159
11584.765575754976
11859.542716610062
12135.634442842016
12411.211441652405
12686.729272789187
12962.214155716969
13237.69160810415
13513.166900601633
13788.641439189898
14063.432925681058
14337.63394055069
14612.31769654554
14888.370720053314
15163.934195525848
15439.449179688343
15714.218982042335
15990.31161356003
16265.88815603803
16541.40599742171
16816.17669933931
17092.269421551944
17365.789534396157
17632.843682100785
17901.139908737223
18158.144039615425
18433.271944247434
18708.214191120744
18984.360867118794
19259.23988059383
19534.812788212046
19806.591856409133
20081.6189278064
20355.707898257304
20630.477650152243
20904.941309845934
21178.24325953732
21444.315828339142
21702.16593639946
21937.290764845886
22094.194153031134
22323.589171303967
22581.12080246226
22849.397442565994
23120.136787837775
23378.220027091596
23639.18740742955
23900.94479844923
24159.787781073595
24282.000964947874
24535.194197610817
24677.47407550115
24933.627013297122
25156.049713521385
25407.160991162345
25661.88145733767
25925.13431797783
26181.45463176758
26446.88691680436
26714.16478460583
26972.262197014417
27119.078459529464
27250.110725235965
27389.273412612896
27526.094936099675
27783.93224491387
27943.260387220605
28085.2443043265
28347.884076844883
28605.823754426718
28740.739002535745
28993.710955263257
29120.594898309188
29376.72758897608
29509.021443014095
29756.701392908573
30010.448976454172
30261.992979426046
30538.333920977515
30812.734022763092
31085.841470078467
31361.36688043321
31636.229517119205
31912.3157262145
32187.900893345086
32463.41957326947
32738.904877653677
33014.382465318995
33289.857791867864
33565.3323431475
33840.8066783703
34116.28094269307
34391.7551859258
34667.22942259674
34942.70365725381
35218.17789129687
35491.49935469198
35766.32791975614
36042.43658153495
36318.026183609305
36593.548802802514
36869.034929294874
37128.32354238421
37403.83561780302
37679.63725089346
37955.24485498376
38230.764325409444
38506.24709139054
38781.724927615585
39057.200111239836
39331.96308478008
39608.05473488618
39883.630402453855
40159.148094187476
40434.63290311152
40710.110333925135
40985.58562056963
41261.06015707078
41531.35480459131
41800.91088454871
42076.22006741146
42351.46714309907
42626.92830054006
42902.39630998234
43177.86830391179
43436.72676003892
43713.48279136441
43988.82048615405
44264.33770065811
44539.829101968644
44815.30442314861
45090.78017443751
45361.90993565365
45638.2082674262
45913.13431509312
46189.2519495234
46464.845853093386
46740.36649786152
47015.85261334776
47291.33040924685
47566.805806018245
47842.28037836844
48117.75471782044
48391.07625114813
48666.727021081315
48940.20845773206
49215.664129251025
49477.04174250155
49733.646820534275
49986.74942330914
50237.34629863225
50485.0577330463
50732.410770757604
50982.445863876426
51256.33082858189
51531.98515143864
51791.007653146924
52066.190237891744
