62.58963075050947
62.58750723610744
62.56154516393022
62.56422295813795
62.61333127394105
62.72291042426864
62.77206496887109
62.72947635854294
62.84443793143044
63.109789491364474
63.09354874541308
63.119767226467346
63.11361822217117
62.931617301154084
62.77893559248305
62.68135998414348
62.68723282068254
62.60397353651947
62.5517659205484
62.565089301871915
62.23878106521865
62.24404814921221
62.2399252580355
62.12233119278802
62.13777873243482
62.16559753425515
62.135166563067024
62.142144510515394
62.14419526802378
62.14977651447779
62.12731654935464
62.0436845486785
62.0418790951877
62.05664176682485
62.069495230014844
62.139088541459586
62.45920206554996
61.75054648713333
61.814831789210984
62.12557545725924
62.124527635146336
61.323639161096416
61.25143420250363
61.25170061768095
61.245259288831534
61.23765746981444
61.23891195597487
61.27550197096854
61.27692058904095
60.716290039510525
60.65781094105897
60.76510756181778
60.68609479957654
60.64929836445126
60.7264621931695
61.38555375537699
60.92998368591618
60.79978415789912
60.29922008071259
60.29746254768062
60.420258960127796
60.22674618985552
60.24512779601706
60.21365239797518
60.213041270392935
60.198798253190404
60.19836420825406
60.1972292409138
60.19712581396999
60.19580835964436
60.171069970721746
60.06262318986245
60.11917629768664
58.82078642132026
57.818717527381985
57.574735952937296
57.539637591721224
57.38532455815142
57.19402757484737
57.174722161225105
57.24033104445062
57.08989926435729
56.17102370553493
56.27459896315982
55.87702505573201
55.88704443759587
55.89551045534028
55.85106590418458
54.80355556929886
54.97484946406984
54.68798239862965
54.504225368177465
54.51297574800316
54.53273577033575
54.388318804748685
54.37884410208637
54.09042633864959
53.90651254753373
53.862754034814216
53.88670095185241
53.76090634078092
52.03151249205728
51.991862638951055
51.95247003596478
51.80576826871904
51.78304916797234
51.6716919097888
51.78779758148032
51.77088264430488
51.21398215821117
51.11008281863089
51.10185336217096
50.16970341119355
50.30094089277854
50.094881224947486
50.013652484675134
49.43362059676344
49.43532173561543
49.44817236958379
49.44221865288988
49.35379963162752
49.3794095521617
49.3814636854557
49.17490368859591
48.70426355581572
48.53977246496899
48.4744669450701
48.4575656704354
48.483652644805225
47.71310969992108
47.67307085453012
47.69224116336522
47.68177948442127
47.6777960627559
47.74581953359324
47.62755555047895
47.62999179736551
47.67796619496477
47.65231967051776
47.66721588060645
47.639687323000544
47.60646641513068
47.64746510481034
47.35747731701648
47.17454567625435
46.882766936698054
46.366986621797174
45.53284006990872
45.2359416012817
45.34055560479173
44.543842934099395
44.697537812171184
44.0700546591906
44.178774135273564
44.1395733663205
44.96363317803141
44.64348663531479
44.66320109847424
44.662043485936294
44.67386258902795
43.42075730441333
43.082662256584335
43.06062519047434
43.06819071736794
43.00211308625058
42.66840334325446
42.10868770902881
41.92131594155022
41.98925159082069
41.86363938130385
41.99930254022603
42.08837228595173
41.73292560624863
41.70353591155308
41.70224168552203
41.68972804883301
41.69108490721267
41.70171799146702
41.71855094605475
40.962893291820436
40.854847644315804
40.85186609753453
40.87527342250887
40.87386249456901
40.500427139779234
40.599658595545066
40.52988245511133
40.529177098897485
40.527177652904896
40.52636364124772
39.605962509146586
31.880121167908317
31.42402866340034
31.462678847299472
31.456874111564037
31.473583350018817
31.4804136073686
31.472192223286328
31.468776190570978
31.41499470199194
