8.69808902607582
167.30197856728802
313.18007665826735
586.1433460680114
862.9578514972836
1135.9989310028182
1405.5793599518763
1667.0124796741366
1939.6196488374517
2202.6913996106955
2458.0791195265015
2729.8629740202878
3024.458972536759
3304.170786063973
3605.1560898498524
3875.9640610858064
4149.782372601798
4415.1850998503105
4692.699627425413
4967.524729163757
5241.698601863488
5517.648221123878
5777.996636857639
6043.642774188897
6313.780541503514
6585.348081128112
6851.118654150014
7124.764586811868
7399.168286380459
7673.434321528158
7945.70181752171
8222.234143942558
8493.92180864873
8771.511461496242
9046.86741966699
9321.788256638973
9593.552960348585
9863.789381104614
10141.078426178647
10416.554104311088
10687.699344334906
10964.859910558951
11224.552608820539
11501.205575245274
11775.637471023363
12034.937721676237
12311.568360544788
12587.019283115847
12846.139005001118
13140.714407331683
13415.07331336764
13691.787929027645
13968.433044206933
14243.369941133216
14517.886915599795
14794.299521966928
15069.954645084734
15346.34424680306
15621.947878974142
15898.182689429388
16173.7762105749
16447.10200802853
16723.193698916646
16998.84662552028
17275.22312094217
17550.8366357543
17824.17992372513
18101.067881576444
18376.80328575521
18650.226204916835
18926.589354600117
19198.265804718983
19474.095880658126
19746.222010246012
20039.584375502152
20309.905248330524
20580.283737678987
20835.115117748268
21090.164093542433
21339.615942801993
21613.12548103074
21888.965604520825
22163.887230461452
22436.702509563405
22705.243161759492
22979.20967961114
23252.028623910497
23528.310600793513
23803.793013178878
24080.201858969544
24355.81162548764
24632.4538775104
24908.112412623934
25185.03313790758
25460.686794131903
25736.59521372807
26012.141533784055
26288.60113996484
26564.22898761272
26831.63443617246
27088.670419919083
27366.386632260735
27641.93352130476
27917.097430819096
28189.23958877145
28462.56346694132
28736.966829360696
29009.919430898502
29286.632264022017
29561.646522902764
29838.262263124067
30113.220902300895
30390.481858170882
30665.608220336653
30942.96817599637
31218.72634993851
31495.260343270995
31770.863803206263
32047.114301987807
32322.707003693045
32598.66164993454
32874.199100925995
33147.53364499129
33422.95753506487
33697.450248184825
33970.084455923185
34228.83508397132
34498.99295993731
34778.30358731469
35052.895814172756
35323.37370282576
35565.48804609558
35758.243001803836
36038.19811916496
36315.160286092054
36591.98154816491
36867.686441040205
37143.961586138525
37419.54463687662
37696.133318417786
37971.72612514606
38248.31385448463
38482.50656952587
38758.13718949407
39032.451888360956
39306.66488361335
39608.83064559362
39891.155787371215
40167.181864213206
40370.64253331283
40634.81994454703
40920.056380804315
41215.45344335538
41495.52034176334
41796.98758677372
42072.26889213259
42343.49517611163
42497.07946125272
42690.41408772426
42973.67433881357
43219.86498225181
43376.6762887769
43608.0137157799
43888.8754952523
44165.62440775671
44428.958632525224
44700.95678371447
44945.08410734526
45202.06361266206
45403.89967757055
45557.15078670657
45825.59897559226
46095.757594567745
46363.86259927233
46619.73524382696
46891.44662446898
47163.9553711789
47452.477426563404
47744.631023658694
47987.40113266061
48177.22200562202
48443.82723456558
48626.67530274913
48872.592754631696
49141.857401647554
49409.09222908313
49577.40562125325
49877.957207019346
50178.11861785027
50484.21566596533
50777.77030399802
51064.895608187915
51231.82241875408
51436.28689051182
51567.86414719016
51793.76070004266
52021.61287563537
52085.30356690749
52265.77187373486
52469.553650560054
