-3.3990752276420224
254.93717435538008
503.02221302472935
749.5887147076293
991.3689325787955
1257.9011051224115
1510.1779910364526
1781.4732148263565
2057.895307718336
2310.3348910171408
2554.1864646314434
2813.018144419345
3067.096701799275
3326.7401401541174
3571.0056109660522
3831.409500100557
4080.601792883286
4348.749425330662
4615.554673562084
4881.126712889205
5149.113980633362
5438.057884793618
5724.206993428683
6006.501372925428
6301.939480743257
6591.778317263732
6858.43587035245
7135.637104427193
7408.7518866817045
7677.778094345558
7938.315607631646
8208.93874477746
8479.360772296735
8773.211475109183
9053.389328834932
9300.341071579958
9554.205442502218
9814.813899465486
10084.615888072522
10365.226410694735
10639.649894793218
10925.177412572652
11200.320535591185
11472.61906397494
11743.826448229196
12015.094796399058
12283.274110782435
12546.238431019743
12801.764747536265
13057.008310551399
13323.790338324454
13598.618911182957
13877.269293026653
14155.978292541013
14432.707245843088
14700.444552736755
14957.945874401055
15225.4717280145
15500.764519463892
15770.778220251217
16039.474870566719
16318.352932923486
16604.324861035788
16888.274772558405
17161.63105308435
17435.579383809592
17721.388419006347
17985.56003156352
18254.543724152332
18520.29611912777
18790.17201712921
19067.536187690792
19347.4069382076
19626.392229901103
19901.91149820228
20178.92082969303
20460.4457866898
20736.513788877473
21003.950477023092
21259.095984258172
21513.25258473212
21753.28956720159
21904.5667385511
22124.727180028163
22378.75023606622
22651.43251574964
22933.7721015322
23205.26940871835
23483.565893484323
23746.568814726106
23986.590433911108
24100.068395089907
24360.199375829387
24515.06487406154
24794.601441726532
25033.572269117616
25293.448041531014
25560.894288676405
25828.14813506955
26065.40023805747
26308.21519027315
26557.91973497572
26812.09663354283
26963.8754687923
27096.82139992762
27231.453531177074
27359.75907990608
27599.153321092268
27744.62672819121
27882.205124602995
28150.749011227992
28422.868511630255
28569.391637503377
28825.8909627334
28948.554103966093
29199.557676679717
29328.35333347274
29572.187381410993
29830.446748344177
30092.355155818077
30375.109017655042
30658.981776617777
30945.08847098668
31222.13592564031
31497.756270588365
31773.19913978561
32044.22387577521
32318.596746473966
32597.942231873392
32883.94657768621
33171.8105087817
33458.377617482416
33749.21932542358
34036.68541861781
34319.12138580934
34612.91807604674
34906.86734655257
35197.68083543628
35492.00333395063
35771.236428675096
36025.453999555175
36294.79809954837
36583.032511662816
36853.03292756486
37088.92549322766
37345.10947642477
37610.240650313164
37882.4188792743
38165.61722684469
38450.655098031886
38722.672361356425
38995.85056066695
39277.37238514982
39565.94023125583
39857.86235800227
40149.392737029404
40424.85248528107
40678.35995805409
40944.59016302049
41225.78304553781
41481.81737028859
41717.826732564026
41966.152487261614
42233.59091279238
42510.394748262865
42795.44277902725
43072.935692394116
43324.767132712645
43600.880628996005
43882.248757975234
44152.81468062514
44405.55261094532
44663.436447332766
44936.16887543958
45213.26087815066
45482.56523665052
45745.21691072928
46015.14264728111
46292.25197380219
46564.583646103645
46832.12972983796
47097.99720176515
47362.4601822113
47628.861894873
47901.300618301684
48174.81899763108
48446.60720043022
48721.7426746455
49002.35291666462
49259.53708395598
49500.32821748541
49742.09314788066
50000.53337949368
50259.411187644524
50507.984281787976
50755.015472452935
51029.10404139491
51301.364845247226
51559.420898308796
51838.85950175023
