79.00685795093895
79.00736187888263
79.01372604035747
79.13092204450965
79.10452012743691
79.0587488398647
79.55279928843471
79.60577117033615
80.30989778306432
79.9288790859956
79.52974832266955
79.24841803752928
79.24173654889977
79.19027775134755
79.14309121950046
79.10676534030632
78.25674616524127
78.14357009347358
77.39578625056072
77.60259750076308
77.14667412311016
75.66596575294162
75.67279698322794
75.66730704903154
75.68152207861354
75.67865257968899
75.6716747761136
75.61855150545307
75.64336173035011
75.83693637992197
75.75498042501377
75.65324282566284
75.73504797547656
75.74749773154434
75.58165632324173
74.97870816328627
74.70906283238601
74.35393850477121
74.34216840868686
74.37662363159728
74.37915168296348
74.38034575252955
74.37115243802226
74.31583307207522
74.31041208131494
74.31741698724926
74.31346663298605
74.32016729886018
74.31474270567492
74.35502409592509
74.37345040028937
74.43952901385657
74.22165232458418
74.19383140000745
74.18602483351279
74.18521563277137
73.48967684611354
73.55525092476995
73.57149008375417
73.19750283667253
73.04406135022825
72.95687680676411
72.25889154550512
72.05291856735096
72.05967728670936
71.98737838655401
71.88644794277857
71.88554077143903
71.88936399120104
71.90569610202873
71.92224690779905
71.89823724146162
71.89684927121388
71.94490904026311
71.97009168606438
71.8158860433439
71.7479003476184
71.74067747597076
71.74250688935456
71.72531686652496
71.71890887778285
71.6950148477232
71.58079301538861
68.3809244844676
67.99268582855832
67.8830858666441
67.68036354984926
67.312242694706
67.1516374595599
67.10133691854976
64.04679851509742
62.493163816123925
62.54201320275498
62.47769496357914
62.446378073375
62.46471461149352
62.36715610847782
61.55576248280974
61.02666550357107
61.02611318465008
61.0276686627134
61.08121242288226
61.072182290021566
61.07657203044277
61.07685562616768
61.07438701027735
61.07422997924501
61.07496495478539
61.20392420860522
61.28168548428223
59.75769059361541
59.76002723499098
59.99470740488098
60.02316273898396
58.91668474991154
58.81590816675937
58.78459908589579
58.832572532171206
58.77008490582667
58.76972168010993
58.76968101101443
58.76956391387758
58.77621058738114
58.77161145517072
58.77179253134963
58.738542531750916
58.59938143425062
58.47912086137739
58.508942225980334
58.44738727255738
57.9433270676232
57.30272454324621
57.06507620760096
57.004081014574496
56.830239310384705
56.63194549713188
55.79360131493871
55.62551551514478
55.36406030127725
55.34812935210096
56.28911975632579
55.54112921069336
55.6806246661581
55.72627658710401
53.84336213073474
53.00793893302079
52.28622210145299
52.33403641218626
51.849668744637626
52.048815077313385
51.68038750809604
51.39541964811512
51.15348901510414
51.100762487939654
51.12212972915437
51.20901749902619
51.70356939610029
48.28064000532081
47.76673133320165
47.93630432457833
47.507214094670246
47.509241236925725
47.60585205616969
47.28081642473969
47.76875267386441
47.21871555633638
47.196145397322255
47.750710000473916
45.3490852754388
45.16965159341569
44.59898531948481
45.42788444885838
45.31711461442936
45.527858400828684
45.79609713107366
41.356151010111034
41.26369925597969
40.97688186818426
40.68719322765098
40.62147116603873
40.47888798208274
40.31891834967393
39.89632213781108
39.90350686316374
39.91267676704544
39.89415878052801
39.887837783807385
39.885618625019134
39.87909309903871
39.86658002299755
39.87699129680437
39.91715007189378
39.93813503903946
39.705309459428705
39.67490293448479
39.672916988876615
39.710200183007004
39.681329465579466
39.54911927504092
38.76031469413902
