28.977884060927757
207.10845878771298
367.1881086003674
646.9848169752054
923.3768611049229
1198.4942585897213
1469.9844324034793
1732.464109688744
2013.3871218607371
2282.8053902851634
2542.871984523869
2817.5395728749013
3110.868029495501
3403.100179650351
3720.105284736402
3996.3474765551064
4275.259348823884
4543.252319577071
4815.354297590262
5075.919578433794
5338.30547564022
5615.123306034801
5868.698253836464
6120.134684781733
6383.092167733512
6658.468687941262
6930.973294656316
7202.61195674635
7462.727120628021
7714.92106863484
7954.960513351963
8201.909442373531
8456.608151943268
8731.045856452134
9010.953854541682
9291.002362356563
9562.894225857724
9816.264908697915
10062.12206163027
10306.04020242457
10565.351526188335
10851.836831249975
11124.963185552517
11416.547969746553
11705.843927328415
11979.835267535895
12266.48078257434
12542.518954326075
12800.20670367422
13098.645486536981
13370.837540079583
13647.683068502976
13929.203031030356
14215.898213570474
14516.678515983895
14827.430375960916
15129.811804805195
15422.63787208537
15708.158776520997
15987.60590689993
16265.797936528119
16548.198340564042
16832.33490655763
17111.873440086823
17390.1293958195
17661.88191126783
17932.908482337858
18213.312477849067
18491.06241775913
18778.77417645543
19072.352686444636
19353.588357150235
19623.431458546427
19883.289023428628
20186.47122995661
20480.617828735976
20766.374375674237
21024.06363961587
21280.669799953026
21545.538142503654
21826.1808256493
22096.80707893016
22355.775102175052
22625.988677137208
22897.88959571795
23171.874405677576
23448.13654377789
23732.709661855584
24018.039154514576
24304.8186659322
24580.664920250576
24835.995394796686
25093.451442038076
25380.80730078267
25677.640615250075
25964.212783230592
26238.299974409332
26496.531245490845
26748.187953875142
26998.111281308604
27255.793153558956
27543.73279934746
27824.621485989803
28098.59394652012
28367.843460824097
28633.22069501044
28896.24705592598
29160.057591476572
29430.066393116613
29703.895082562965
29972.696180445364
30224.54175032895
30479.56100457039
30748.72191745375
31030.291086123056
31320.20123626036
31617.206772974485
31905.37041136362
32194.690318617737
32494.046054747767
32798.79582225932
33096.07249076772
33376.85397239156
33649.717446118884
33915.451144646504
34180.77545817794
34440.64829247626
34714.8539598795
34995.35845953383
35272.50730475394
35549.277683447785
35798.783888893624
35998.123803652314
36282.835094055205
36555.3335105268
36825.26132551691
37101.411932308096
37380.09603140856
37657.11000691359
37930.188582244766
38198.08941075154
38469.164949646074
38697.68968237359
38964.29776351279
39231.066032072755
39501.134297011995
39804.26483416083
40081.732723869434
40362.96876062013
40571.23053386495
40837.72687245877
41131.348517965576
41434.68378133583
41703.636183176146
41995.15593240058
42281.025506118334
42556.18832373149
42692.83539184552
42870.5163031841
43148.39773136037
43389.91765114934
43547.72575793365
43777.89218861048
44061.59875996808
44353.870791375055
44642.22067103452
44934.89937694659
45190.85016431974
45462.01990830352
45685.2835821348
45857.59415160432
46132.362951539806
46397.068155502
46668.44669294097
46919.29978394972
47177.58624270254
47444.62991238353
47728.75558835357
48020.48828020134
48269.85768688407
48462.64564907118
48728.484021240394
48900.563870276084
49151.207644661394
49422.07204894839
49673.30473807288
49841.448534600895
50145.754569665274
50450.01101436578
50755.43716203654
51016.54089109597
51260.634688524704
51416.82638485387
51618.27654520833
51737.99291514264
51938.39559780318
52159.64711920655
52216.24630775854
52393.75604330737
52601.625091181704
