-4.05259499086783
247.398867390268
480.35979573808015
716.3714639296848
966.8508574628938
1227.3508787269893
1510.8839946680691
1791.627335027626
2059.4102902326063
2316.6664397866716
2568.054716713858
2819.7858605898746
3088.505428428897
3348.144531679929
3625.2485256920536
3882.5825880382004
4143.627350324268
4399.697113006115
4671.976526078577
4957.052864623934
5256.9371668616395
5538.44674967149
5810.154403704369
5947.442489593624
6085.310833728018
6223.412706774095
6341.952863198729
6470.689101659034
6713.306823730279
6840.506094655755
7123.4149963455375
7285.795939752511
7436.453077940714
7722.1347692419195
7870.560961269972
8128.590599027651
8275.342397715624
8417.878970848788
8666.108854630967
8924.305513640476
9187.197635364151
9430.05862027558
9688.82865080733
9963.464085523086
10254.660925073946
10528.836842107814
10816.035370115816
11095.806120610769
11347.696105984582
11592.728511077727
11844.248003857248
11974.31117275072
12094.624547318866
12335.314409723434
12468.125690431605
12681.311807432317
12809.98483554948
13060.868112216369
13319.183367616482
13603.813098037572
13867.458069238373
14115.099192507156
14375.730898802307
14659.977258787996
14913.51132561475
15166.302471713616
15420.616227622251
15669.753590358128
15944.760722580668
16222.248634373216
16516.015048181638
16792.755031462235
17048.48867414387
17287.448078792022
17523.508901306952
17780.03527908324
17919.72892710039
18051.95515380127
18188.205230046922
18321.217521779916
18579.301022863587
18717.415904603462
18855.19175459444
18866.069330870247
18987.517587771796
19225.639560254567
19355.75080326811
19483.140191540708
19619.940623088587
19869.491005817872
19995.504003712715
20232.634694850756
20493.518577170616
20764.394154867736
21025.33037656481
21266.70163019193
21511.739868564873
21765.057091618437
21996.460993388453
22219.098959758132
22364.252792615054
22524.171792472316
22687.41204240168
22788.880674875294
22850.994530390526
23071.47378013648
23277.943322830426
23463.940915885003
23701.66722559212
23951.515904254204
24089.047837983653
24222.86230708392
24409.02948752503
24465.50590541374
24632.19307289458
24856.47929695057
24976.262641374655
25222.806505465414
25355.994734269996
25486.097976551944
25521.118218110707
25525.957099951967
25623.571385903393
25743.333215477276
25863.005568464312
26000.16031160171
26131.737556635606
26147.878905434205
26273.799869908737
26378.245329955927
26492.92573729522
26663.064432450374
26851.381799795443
27042.680118546083
27261.154563146014
27480.90716863486
27688.22431288309
27914.163274863302
28059.93735142802
28131.60006704688
28354.21896264159
28617.710446604284
28867.332643230686
29106.435211731306
29108.166362050535
29355.09021122865
29493.22900541121
29640.35209504
29788.218292053138
29931.051168956306
30071.420862612264
30201.674764906722
30330.16018879399
30560.69035574151
30679.15044576112
30797.09482487458
30902.011231249842
31002.950291143774
31076.77438264481
31201.7898727931
31211.864580309342
31286.687700424587
31382.321268689055
31564.613732352962
31579.5562104931
31618.517102173206
31672.138498123186
31762.732448646715
31927.7481744607
32003.416757583178
32093.523916805927
32180.251028533203
32263.097929652333
32300.28985741455
32339.663248956487
32383.617134319957
32416.420536225345
32449.86052534683
32475.865342136844
32503.960960811903
32536.945056116314
32568.52655147617
32703.63160241182
32815.386518578336
32930.781364805094
33034.20330556988
33182.65224420461
33234.16695545055
33331.81367227461
33483.786641646395
33519.979733183485
33525.48255142996
33550.00305337363
33641.3047622667
33796.341508367295
33921.469804449414
34154.04212077814
34405.50877050821
34540.08790712909
34678.33209222185
