8.69808902607582
147.86718478359393
281.9416870876105
429.0962546761641
695.4371473336516
970.780930779372
1245.5351434936936
1521.0069196096854
1794.9326693883045
2070.1592483419363
2345.370941591748
2620.0133227411156
2895.450375932711
3169.390208792687
3444.614696268258
3719.8266235591436
3995.079602243942
4269.024540608907
4527.730585673667
4792.395677631258
5047.521296533651
5284.031343718268
5497.819615621208
5704.827574498914
5919.691469894725
6064.107509577453
6258.493339252708
6476.391803527784
6624.231229738463
6710.350301455225
6935.038068081703
7198.530363937183
7466.399400975431
7734.646466876965
8003.002784469064
8273.418209366275
8494.159125578273
8661.742617372045
8852.44553433258
8966.123714232923
9201.132288992601
9461.300420167658
9727.463397599988
9994.901569698655
10260.54366441788
10507.398813870439
10691.926438315482
10880.86095767683
11062.02673106804
11131.173157026127
11185.711188432464
11332.667072988761
11572.01168117899
11816.737501019046
12062.921210635182
12305.369988633189
12548.519204373544
12791.723511784503
13043.685971424236
13178.797268372191
13318.05629515281
13576.216695571131
13822.104434545232
14072.310264955395
14322.204928673764
14572.641823098646
14820.541333736548
14988.138904565667
15075.710283780587
15266.67947406167
15360.128169027053
15458.51444628492
15558.237318785925
15738.42279748514
15953.926401004868
15965.746458367585
15972.665406406195
16027.910222214434
16121.20481141732
16235.430995589628
16341.176785070606
16352.980417067804
16359.893878539391
16477.40268493912
16603.959911599777
16735.06476240623
16746.89543017237
16878.827504220826
17014.60204230518
17145.91528023946
17278.89907872175
17412.490452608592
17545.47930353201
17677.741071590357
17950.757672430413
18094.740162855112
18235.992962580884
18374.203768193653
18511.08905043309
18647.647538404668
18659.480369236004
18800.38876185307
18943.024546480698
19088.278542955275
19230.644738855302
19369.953004160965
19381.786690415625
19522.79396562688
19665.60867606165
19805.112510629384
19942.942871614458
19954.776115223325
19961.699462775214
20028.071629168957
20150.546620485813
20282.830773225094
20418.85366407906
20555.195989615928
20567.02874724009
20707.91999459486
20850.618758101995
20862.453326380266
21131.077685756838
21269.56878414988
21406.939529285875
21543.752096696113
21555.585012462183
21825.541035295086
21837.375138546526
21977.458932464884
22120.202838246627
22259.739564607127
22397.610572533406
22534.630612884263
22546.463597064852
22687.423386011236
22830.154063534195
22841.988639309464
22982.37194522373
23124.744940746645
23264.05615442314
23275.889841522876
23416.89750390101
23559.71259727836
23699.216720813878
23711.05046290574
23853.70898964161
23995.142602063985
24133.02720366539
24270.224221929453
24406.888504126142
24543.304347226785
24555.137129812483
24696.085784290095
24838.77630814019
25112.300097252322
25250.79161485218
25388.160460793028
25524.971796381673
25799.281952734837
25939.7724707086
26063.698303127967
26154.026966415076
26227.553039430724
26342.19465360114
26354.01273826723
26479.899543921332
26613.802910142276
26625.63477386434
26760.161743111756
26900.28770483664
27038.501388690805
27050.33475081748
27191.152250401443
27202.987471883396
27340.79008750201
27483.027116744855
27623.200636498714
27761.101173888015
27772.9344393455
27908.09587677932
28047.3643366561
28184.08643503121
28195.91932048846
28328.668743137467
28466.43170490489
28602.378853810522
28614.2114747979
28748.838142825407
28887.429426555474
29024.346406583267
29160.77076311869
29433.949423902406
29570.89211832232
29702.29803043262
29816.84720795904
29902.013354050403
29962.517378253367
29973.857847145282
29999.155323360093
