-23.290376318896843
-39.11360727096224
-58.42214066113437
-97.35734908043204
-143.35524260508117
-163.53257514019413
-175.50715039249636
-206.69415957098252
-227.1426277281268
-255.089647863925
-300.525075083746
-337.8458944939147
-365.17434961202224
-404.071739005074
-431.3341357623514
-459.86088398067614
-493.1955166476953
-505.22548918129974
-511.87596588820423
-521.5989602905473
-521.8381200768206
-514.2430439229771
-495.8201519823952
-495.7612942536038
-526.5814058953969
-559.322467395921
-583.5577443913724
-589.9486427873946
-582.1145843262109
-588.1116504044415
-618.067294680701
-636.2826969792964
-632.5457232006735
-635.6070112006884
-636.4798520454194
-631.8263169323444
-624.8876881382599
-606.9758911555083
-563.8062177385818
-497.8697003416904
-471.92885017022326
-470.0674360174892
-461.5843246329224
-458.2827654213862
-470.31779507922033
-482.71954378355866
-499.5835146513166
-511.5243029433415
-512.5001177831547
-497.1887789220977
-487.00949883891406
-507.085652651861
-530.2032162807238
-551.9079265649543
-585.6898218521344
-606.7919582536039
-593.7708921181603
-575.333733571729
-575.7946524282648
-572.1931380803778
-554.0697323614427
-549.467727954591
-555.2152189788778
-579.5809424678349
-598.8234576454702
-539.9058169731499
-494.79030186714107
-474.7194539919407
-473.54362547618314
-458.6921207199519
-412.4024759669423
-370.8774387433471
-380.98584654761873
-418.6081767008408
-435.872200004015
-434.3241652405648
-431.7941574807443
-411.35066257037926
-385.36894876048285
-382.605222873952
-398.0795870262061
-406.1508084093865
-420.86180228424297
-453.1652019758228
-489.0163558686436
-529.2596302226691
-566.7193549011363
-603.0654295037899
-628.7801794858714
-633.0654333116531
-625.6658994980826
-634.9282472939539
-656.1375562965997
-667.3785245436316
-658.9766205614056
-648.7851338449228
-642.17403894389
-627.941683044071
-592.4018862503931
-542.777998251512
-521.7566010230818
-551.2122809949698
-581.3069665926367
-608.5166110954178
-638.8072978713052
-653.5197439018233
-647.2834625357701
-650.6184590329862
-671.0510057150127
-677.0723517450795
-672.8803217670898
-671.3516760966663
-674.4489924514974
-671.8227736959645
-664.6914973915585
-662.4029924121653
-675.4874647888837
-722.8002532051049
-773.5442994750806
-819.0572412701174
-858.0667633830867
-890.0919842350669
-924.6454068497812
-954.5767223847473
-968.2538048917024
-968.653764793505
-956.5848041420179
-956.3521210557848
-945.7490957634828
-937.4967278279299
-942.5271428443665
-967.5122404304542
-1003.1248934066857
-1026.2296318897447
-1049.5707400792955
-1089.05267183121
-1138.5388368100444
-1174.7183301549653
-1190.560979352926
-1211.027167824756
-1229.242737291005
-1228.1516322806312
-1215.614780306509
-1213.4847118406938
-1179.5640113623685
-1131.1916530581564
-1134.238656200695
-1129.4912596826655
-1115.2807060007685
-1135.2740993503062
-1171.2146574019603
-1194.5266378678195
-1213.1301085797038
-1216.4329380015186
-1169.1398937713232
-1148.673313362408
-1148.3849826778282
-1135.9971739214045
-1134.873994041767
-1134.8059783525077
-1122.7474315405
-1108.5248967930092
-1110.5067091450362
-1136.550288596639
-1172.9440620374194
-1181.4753051369166
-1169.1878907944545
-1162.737277540628
-1158.9423843042757
-1128.526651607012
-1107.7522083728581
-1108.8481657691639
-1109.3708082865726
-1109.257325828641
-1120.3845861819116
-1140.9320208996853
-1139.2663257304723
-1133.133257004737
-1126.2278164635115
-1118.9034187894129
-1118.2409265318101
-1118.437613288963
-1105.3038235645413
-1075.179984155038
-1065.052149459435
-1058.4535262986465
-1045.5527735081128
-1035.5808551747593
-1038.1294455068326
-1041.0674533414046
-1054.125712706605
-1093.44583885827
-1121.2005375945437
-1143.6726915408633
-1167.1378615285596
-1177.5956413458541
-1175.702968568892
-1152.6376942410882
-1094.2286941271605
-1062.126431673375
