8.690649232336343
151.25191120292237
288.9954224306543
563.7078004535172
838.9650806809087
1113.6680371193543
1389.1017985573678
1663.0402645206768
1938.2645624310853
2213.4764641081624
2488.1188549716717
2763.272190340305
3037.9008498273324
3313.049803935487
3587.6788713859905
3862.8280318861202
4137.457094750878
4409.559352119085
4682.370161559694
4956.962660487028
5232.027653546856
5506.64203372956
5778.707771584878
6036.486946003649
6297.873572425539
6516.925369556504
6700.345940692614
6845.945275712433
7056.288559292625
7311.274696841916
7564.869218012188
7827.488617751459
8082.924866363381
8342.11507691493
8596.50458931834
8858.649938963063
9123.540983294804
9374.949799542803
9624.031817559362
9876.072611757743
10100.454568678959
10197.795862735047
10254.580266116287
10377.602933420683
10616.48169937878
10865.438136318671
11128.259574028669
11383.4357076845
11635.514654734245
11900.66917960065
12156.343255040343
12407.714846790119
12658.784204671483
12909.86307863587
13161.151226478056
13412.582488561455
13664.065299173553
13915.565627054903
14167.069958957158
14418.574855808663
14670.079797803188
14921.584742390207
15173.089687894166
15424.59463373322
15676.099579639425
15935.215206879493
16196.812868908959
16458.41974245441
16714.237789665207
16966.780213216258
17218.435679788803
17469.951677608246
17721.451332250763
17978.214233798943
18226.686131278777
18467.910847918254
18712.19280528744
18897.097876723445
18997.179673155122
19195.2720685349
19435.65559485488
19683.549246530572
19942.10009645851
20203.528012794355
20464.37112228123
20724.608879851614
20984.177408776846
21242.933857723347
21498.783924949657
21750.888485709096
22003.424481144208
22259.512289183232
22518.876059519207
22778.8046599984
23025.0467821929
23224.194551193697
23364.16833954445
23445.731138644624
23520.589803340998
23597.858329171326
23675.0551929161
23751.20765458498
23826.959332397055
23902.38980025279
23976.39823429127
24047.001926099634
24116.220746813062
24187.922177926102
24263.158907239664
24339.09807345446
24411.265155368546
24467.571353490337
24502.72374004375
24527.766681867855
24553.373697558625
24581.821907291487
24610.3726412172
24638.842904087593
24667.14214493585
24695.402730765276
24723.60347948362
24751.40346227748
24778.614237609392
24805.499171590953
24832.891072023875
24861.015863208813
24889.219550405214
24916.847742774087
24941.53424131115
24961.290502151576
24978.414249789676
24994.0803762734
25010.294053441437
25026.518615421308
25042.70652087855
25058.838124605438
25074.971232920198
25091.093690698945
25107.03956821272
25122.70416672957
25138.421781776437
25154.40185259723
25170.549022547264
25186.714108715056
25202.55739388096
25216.654888462133
25228.695023319055
25242.089244322095
25257.286044686043
25272.55534516545
25287.815608995425
25303.015967049938
25318.182290871555
25333.35508242286
25348.45593958466
25363.336747664765
25378.046866762215
25392.866407123936
25407.956326467774
25423.181430326764
25438.351586652825
25452.681212729207
25464.79197610574
25474.782923676903
25484.821861789533
25495.36834790745
25505.930459642026
25516.47642418085
25526.99144445823
25537.498698223775
25548.004891869674
25558.44307788208
25568.753024933874
25578.99554429023
25589.364130290276
25599.866616142113
25610.405540259
25620.846154485578
25630.610679894333
25639.220783634915
25648.042303101294
25657.52922495918
25667.182236743458
25676.833914932173
25686.460679641717
25696.0568642393
25705.65927249633
25715.2504835147
25724.72521101143
25734.072411462796
25743.46224764643
25752.988090641502
25762.605792584414
25772.22208265213
25781.616051312485
25790.016736497244
25797.347730675134
25805.4784183945
25814.43443171046
25823.419005143955
