8.724523110639902
176.5168115181723
480.1714346044755
744.9381971490852
1031.7208917139465
1331.7590046898085
1628.4936040675052
1930.5050184725862
2235.344085953161
2371.247288046744
2654.9596912386896
2957.191781508696
3260.3704738163474
3563.4817446831757
3866.541095209785
4164.219992329889
4467.289633873341
4771.160130657265
4930.0265747905305
5232.177217901699
5535.257554424787
5838.69035284765
6142.063707930525
6445.348605397651
6748.530047333244
7051.606838944799
7354.593253564321
7657.518687426202
7960.424803331133
8263.36027124539
8566.373909588892
8869.507561255003
9172.790153066499
9476.234028252056
9779.833981559932
10083.568763401989
10387.404406631036
10620.044352465715
10901.04281484258
11203.953398375688
11507.860741792274
11811.857593379076
12115.88762910862
12419.904498358363
12723.86128462018
13027.715536623562
13331.434139164698
13634.99585893441
13901.823155033204
14128.318509179358
14404.672016263079
14704.879188541378
15010.39264991329
15315.93470369071
15618.689819238205
15921.509883714964
16223.953331201623
16520.15553664748
16823.445578035302
17123.717870922494
17425.086549875217
17728.580785035727
18027.371660301284
18331.20733868972
18590.66929614339
18829.047949950946
19105.978071717236
19371.115898506225
19606.55271657878
19907.544395465702
20210.829713558822
20514.25795549294
20817.72213678464
21121.18847601304
21424.622106423034
21727.991023072944
22031.270208620568
22339.389036860222
22641.782642208724
22906.715520272595
23122.55711676795
23424.626648659545
23727.99876811163
24031.61674805196
24335.36725960348
24639.21335440918
24943.11201548589
25247.01763162616
25555.226063350325
25856.693475594453
26132.5599347816
26367.48958055135
26624.732311728785
26920.714601943226
27077.20608641886
27246.12006065359
27554.657754294672
27711.967179910214
27865.113426743614
27985.489452098678
28090.498829561024
28387.503859238535
28689.672537924893
28978.63081290627
29002.28424588926
29209.50792793756
29366.512287193244
29391.15466708106
29552.326268570072
29784.5964727847
29925.517405650633
30038.80720903717
30161.3107540354
30450.72306565281
30752.854604889806
31053.43202387325
31354.33189173292
31508.279520027838
31656.359204009113
31776.639218864886
31939.86222832907
32192.960269999483
32346.662752773456
32512.238027456347
32798.84493797017
32960.75061489383
33159.597632769335
33379.37491851115
33596.249134313955
33797.6355087718
34054.75691384797
34317.88386011841
34467.92661404502
34674.966386681284
34936.080420480655
35208.919029688215
35462.58914718147
35653.69976124602
35865.672632161186
36043.32601507134
36209.94759249731
36294.9729781215
36380.38373165896
36489.9304851524
36579.63350663926
36644.40435565725
36729.97531051219
36813.94932139386
36939.203177157586
37069.2751665099
37195.705168259105
37323.23605881505
37427.546133932825
37524.44235086292
37605.55880354687
37691.21874065471
37771.26493677476
37841.6025598198
37870.1764492907
37910.7069280153
37938.21484314588
37982.84997224299
38069.39387359256
38139.00005064178
38206.517088972505
38278.180906375
38344.86051367002
38402.50682931377
38462.4922897156
38499.782436710746
38559.466995094626
38626.04548898265
38673.888426900914
38705.79815776056
38738.91623059412
38758.58770237739
38773.60275378494
38812.65361628769
38858.99370168216
38907.093564537405
38963.52739030613
38995.774592824135
39028.00919661454
39051.506937575905
39077.804316411064
39119.9250113068
39156.71318082729
39178.56182885588
39196.35397839876
39213.1767700065
39227.776804676825
39247.1020434318
39260.8592524871
39278.96298571194
39306.220043848916
39325.41245816699
39341.6013714484
39356.910124726746
39370.08576196081
39389.62538761064
