79.00685795093895
79.00767893761694
78.97670522616382
78.48304175844719
78.536461686424
78.41743143759243
78.55480059034927
74.34876342203167
73.72564645088892
73.71566503505431
73.69092842083518
73.5866348533292
66.84291417827092
64.34052192254582
64.14934095557483
64.4195298617508
62.244258971945385
62.30963830054962
62.41727777570658
62.37473646319239
62.38946975277564
62.251170799833474
61.57847030216915
60.915466696221465
60.92972101108503
60.94088274623928
60.0709069474577
60.02783650785314
59.77730651967793
59.273081839184044
58.83215413646252
58.8309570270541
58.78356504809998
58.81237306693688
58.10915359373611
58.22993761691551
58.24684029940976
57.58474552919201
57.69060887889775
57.489909875256124
57.507483757523
57.515758936230796
57.5025299794769
57.491429614078854
57.48507760985724
57.48663353151629
57.48350764114981
57.47351872899078
57.466011110925685
57.43642446334408
57.364697267116
57.37179154367543
57.36249444944433
57.35247124007595
57.144665802054966
57.17999693816284
57.233149139417804
57.09385206899746
57.051576341845845
56.78781005437391
56.85494697587669
56.917823812641956
56.90704746549926
56.96236816756673
56.998182266899775
56.73700892120307
56.57679130820938
56.6507318803918
56.63290634092908
55.420786049657835
55.683158404595325
55.13490466904091
55.13492636717703
55.03307891245008
55.076169364341204
55.068024728546824
55.16720377929761
54.514781194902795
53.65960215990287
53.316397840395496
53.21574138819128
53.18756444234371
53.181978448643704
53.186883267361345
53.18919098742326
53.18805150617728
53.18519919169784
53.20130181656029
52.91011719219121
52.76892189952614
52.70169558931706
52.764419040941505
52.83750774332084
51.80861388171159
51.79537413837721
51.80031045872722
51.63115771813343
51.32442971011782
51.373891627358304
51.3459257249425
51.363964853828556
51.38672302273295
51.399412358524806
51.38382104900337
51.389960953825586
51.320005234042775
51.373774913397966
51.35490161347721
51.3345129238365
51.362082157840526
51.36437417060417
51.356712809621506
51.355720228327854
51.36111364855803
51.3800113572837
51.30697456045223
51.30377515908639
51.28864379672359
51.27550429890994
51.268209651830055
51.259918611947825
51.14439251690162
51.10408922774283
51.13577740003444
51.12840469878152
51.16299486595505
51.19077002285999
51.18778189377529
51.18116644576184
51.175420825695
51.171003424459485
51.16921904899965
51.173916159014446
51.16858741763107
51.167937874200724
51.16229309255331
51.10023189378414
50.978957973488825
50.863218335932544
50.86066038872339
50.85662022912476
50.91644533839147
50.92636464613069
50.91179595451709
50.91107563451665
50.91513151480863
50.91879520760273
50.91752027743664
50.92090333077276
50.927879750969524
50.92149514030966
50.90245804991383
50.8443926094829
50.73839279200429
50.660441475540345
50.6515808788361
50.63758206651472
50.63020097747679
50.621460396535895
50.60069979282968
50.599900406939376
50.58953744857902
50.5863969981012
50.586274781936055
50.58669427861747
50.5901297489305
50.5841651880925
50.56537538420443
50.50993917281652
50.49782583097027
50.508674394821945
50.50276260653945
50.494690446228695
50.45826824044827
50.44044973754183
50.43930091066707
50.44037820499135
50.44103038108096
50.440142011373965
50.437301281888956
50.43548095700239
50.43593112019987
50.436062225198995
50.43519629181843
50.43507065200547
50.43469670164371
50.434357416282865
50.4342707470916
50.43429480030129
50.434499047944264
50.43464470526006
50.43475394894829
50.43476015994773
50.434765117818486
50.434838637856465
50.43512213698907
50.43545272412466
50.435542832389544
50.435591854902505
50.43562969194611
