-2.943746462927308
145.63067951721507
417.6865669911749
654.8784929728673
914.4915513991186
1197.0095373320783
1451.5846291112337
1690.5433530122268
1959.1578345102641
2227.480643505378
2497.6259473950513
2767.935068764584
2879.4862744245675
3131.119705820622
3368.8039817165795
3628.9221808153893
3894.7689496146213
4143.796287853831
4394.6170336609175
4668.469261434368
4922.928606839588
5182.171243854327
5423.09166551192
5638.039484375294
5800.501724191617
5990.3495003804355
6228.4208228903635
6487.490786160838
6745.158719628958
7007.463673887069
7245.892003394018
7501.339400034156
7783.551575242156
8038.70554524701
8303.877788684229
8562.353713907873
8830.283517249425
9095.188760156878
9330.131185936958
9505.852333307295
9597.004350477091
9749.423450284346
9946.738886960717
10135.430548583414
10399.02560989143
10673.76952218305
10920.816735144545
11180.887562960892
11437.284801139616
11709.961591529442
11995.996020622692
12268.347724601033
12539.32910657096
12811.224942570627
13077.286218890315
13349.892898128843
13639.745275177118
13930.222914204254
14210.309967636771
14491.003288850701
14782.78907858169
15060.8448208644
15343.460106246344
15611.614175751287
15865.118525366397
16029.989031534104
16208.494679289095
16400.99876170888
16553.857570043874
16743.549118423696
16950.37922092124
17231.87518627682
17503.748585728925
17751.01525891872
18004.977868560847
18271.986706830885
18543.472240043884
18824.43345678768
19105.28487676531
19371.24500135186
19601.030860157818
19782.800592949035
20030.362022417412
20232.423049339992
20370.826275192416
20568.1374455699
20742.13865031213
20777.803338435162
20829.56926120975
20956.676877404756
21098.88246443356
21249.908869066796
21415.062986486064
21514.4222585138
21622.580274601165
21776.40838906773
21891.98591885966
21967.13644314722
22099.466612581895
22169.2797346483
22377.256218581682
22522.48948219012
22586.8857403793
22696.074141136975
22750.053177856833
22818.556210284507
22943.60262112125
22997.054314359604
23071.41570409151
23188.128212868105
23256.81535633827
23325.632053292615
23360.982641399773
23444.722646403316
23576.21873297924
23782.61238467689
23947.76092492116
24030.728538440082
24089.97092608602
24132.723307002452
24137.24617677005
24159.234842039343
24190.247158779537
24224.365946000682
24282.47405307359
24347.683013630845
24395.148541268296
24425.614325771312
24543.55491623274
24756.460891241422
24986.6605828583
25203.736276246527
25369.021230814502
25497.613652368083
25559.664223054326
25600.869578417118
25628.763676346316
25681.075876382543
25818.516023639826
25872.17577492527
25891.53547983463
25912.189879241483
25944.77050791061
25994.132560285474
26110.998519282253
26364.537917214246
26598.36941723881
26837.86633144696
27039.556843851242
27135.067073523416
27153.960178393827
27236.986799176233
27299.060124416672
27343.033113320165
27396.0826960505
27435.938430700306
27461.21704792765
27487.711044779015
27546.76122908513
27757.666628130566
27984.857292828085
28187.008788589195
28263.791160470697
28379.606216094347
28540.79566850385
28639.056200208102
28738.922055178897
28791.203612112906
28858.47742398889
28905.006061892724
28935.239884692503
28951.290272807168
29023.062871161408
29082.78423391091
29247.00642447484
29335.96909834034
29549.653292492836
29770.366737100016
29943.543202749923
30083.120997439673
30119.932889645253
30188.36410627074
30284.541081679297
30361.673247584138
30392.984261187055
30418.992900342226
30471.38201406756
30495.727834067882
30514.319842087672
30622.34678668301
30844.489041715544
31067.62587635248
31282.265635099506
31467.180067050107
31532.24581089674
31603.366295482756
31673.653335158007
31756.58209910989
31809.718635839843
31842.77036074236
