82.16597795857055
82.60000926292092
81.9389442191603
81.90855451344166
78.56907648244713
77.93582358907499
78.3347980822375
72.6756704975248
71.99948618193241
71.9617272346845
71.44871377117346
71.65354553039202
70.79765596705685
73.42102051572103
73.64387680778282
71.41810155383534
71.89836451945997
71.13332886982425
71.29405629965392
71.25558280108945
71.17462163323427
69.35444207992275
67.07588587306562
65.04016328947284
64.55637201849396
65.5090371357327
65.46489634350655
66.23059974962577
63.39207947127236
62.579546206601755
62.546197209279335
61.80972529205141
61.46265717937406
60.71320783849151
58.91199119195615
56.703254323448185
56.50811398647077
56.36914071488901
57.29995099791192
51.70390526808441
51.41688788068105
51.02126242774776
51.019035663450914
51.090441895596996
51.085245485316165
50.802093367802456
50.69404150111884
51.2799975902311
46.4429647306572
46.5928051772656
45.72400707633735
44.940353741168366
44.78226681597969
44.50155809043934
37.38546675859864
37.11957239793448
37.00960787572297
36.83638571926196
36.69614297085558
36.23953289215397
35.87519766149187
36.32792705199408
36.203875308444424
35.66724693268165
35.57186303667534
35.08375403931095
35.03934559267265
35.332944616387884
34.52932589147681
34.11986461614224
32.37249162391416
32.84754509793452
29.42449728967839
29.247340826072303
29.114069999650866
29.02821133883513
28.6192302080012
28.35333375244745
28.0561549822089
28.044268252400183
28.051219685613646
28.020564494804038
27.48660867943753
27.458673184174017
27.467587231021003
27.4311423489342
27.607251513665837
26.61939861383979
26.341937003504118
25.78788968644882
25.523613017373886
25.574091952334243
25.595712835935498
25.63619099858706
25.62293877330106
25.61393122654856
25.204137926404375
25.346186098877155
25.274419782336764
25.251804961846183
24.98744894883832
24.69740532630292
24.701736511808477
24.700016718134098
24.700456679422743
24.69148168698429
24.69210239312688
24.692407341677452
24.68389264727884
24.661610479603272
25.077630361423285
24.960938259638734
24.917877042969106
24.12407850673138
24.00475841349649
24.01613685396239
23.975867585161836
24.209394611277453
24.370757488336814
23.48182774844989
20.254358409148356
20.283248735590757
18.471736746002733
18.293044134222182
12.897947301819029
13.01447714314444
13.072991845184502
12.92039563808387
12.865298261431981
12.631254763948386
12.495135764365298
12.496359742023392
12.474885980428173
12.3812675132657
12.375149249818376
12.106818058489269
12.182306531313468
12.148498018802565
12.134877062984662
12.13913669560142
12.106932774792542
12.083694495421373
12.20712280458682
12.001907167696709
11.999857812845221
12.033832689789833
12.034058418993155
12.031427153177603
12.033836432250956
12.033535100478497
12.010469260998386
11.647511282799897
11.729451209488687
11.736183402871404
12.217599773484743
12.444524726597272
12.444128124011906
12.442631430660594
12.512083994826119
12.534338218772866
12.57998465267516
12.586420875792228
12.589115725463639
12.601351001108009
12.631263304840802
12.64208576005477
12.64388912481129
12.897862788721794
9.316613734782926
9.312010420677089
9.364418614051795
8.57887968681572
8.6330355773248
8.371113180093698
8.256429634807706
8.59744162431638
8.521017803284153
8.253295290532895
8.688711951426999
8.698164871600929
8.620580244875383
8.590909342478206
8.83350480391318
8.711857201942424
8.62195950881862
8.768662258531775
8.808859759819063
8.786529405879014
8.653806912053565
8.569211644032539
8.237353919239364
8.228404346002446
8.239159051264094
8.303991657620655
5.9229968639622665
5.014695224445722
4.960433901194969
4.960399200941406
4.960032107527961
4.903820003043365
