8.690649232336343
151.25191120292237
288.9954224306543
563.7078004535172
832.9874221483432
1099.8244709981113
1372.7913950173954
1647.7894556100123
1922.9762124721071
2197.6006300755635
2472.7535947617057
2747.381851512852
3022.530679904928
3297.7857285664513
3573.035286489442
3847.6928941448627
4122.846692412406
4396.768129371045
4655.468140680841
4920.282257032376
5187.150766846933
5444.314001933057
5709.847435509661
5956.362583382207
6175.233801769849
6389.442209620332
6528.43858611511
6771.182634881042
7043.114014621468
7315.0315329032555
7571.344639330306
7823.399303567953
8045.254110802357
8222.133675631576
8388.025441201422
8637.61136751499
8888.053589693654
9138.974222844105
9397.949477361492
9659.317132408843
9928.664983023738
10151.605708076551
10273.617205517356
10433.745085694654
10668.966716485329
10801.952391745424
11040.184582825592
11302.806178878713
11440.131635852493
11581.498384248524
11717.544109944129
11939.033487452889
12066.912187092777
12269.265587976519
12460.170460484993
12607.178596971558
12651.358065613213
12840.74929162758
12968.32994996758
12980.158804291954
13121.819261846142
13262.44482558548
13409.85457408211
13551.186194106833
13688.172382863919
13822.535352392106
13955.255501221161
14204.532813686992
14336.828065344327
14470.35918441407
14482.1908997271
14604.914969770782
14713.642820638466
14810.325865948285
14895.319430239471
14907.04018585508
15005.470967328742
15017.269359006286
15136.306787796238
15263.432893978952
15397.335546807204
15535.451851301139
15675.236616358136
15811.503967271503
15945.5106430311
16078.141272386003
16209.934484494288
16341.225009922933
16472.217667110926
16603.035706273065
16733.752268589487
16745.582753167637
16889.022502416887
17031.215672968272
17170.51858590308
17306.799553810877
17440.925037272944
17576.38748091672
17725.14671071406
17866.779177159176
18005.870300582097
18142.109790350918
18153.942512439175
18297.37877138578
18439.64081712243
18451.475281234827
18594.541619985648
18737.312238006372
18749.14682305754
18892.22793303741
19034.874598774644
19174.257687570265
19310.52201454351
19447.173120265426
19459.00598229319
19600.07588854475
19742.511592610997
19881.784460874776
19893.61813695897
20034.6374874489
20177.38419367366
20189.218773207675
20329.721284346873
20472.13643024081
20611.465991752877
20749.220824950837
20761.05404490569
20902.028099996605
21044.79697772853
21184.278300426755
21196.112036050963
21337.129301838304
21479.907638673718
21491.74222562056
21632.265413162124
21774.683119536367
21914.013364899747
21925.847057452294
22066.85665002407
22078.69190911009
22212.030904922005
22353.221636530103
22492.273934008175
22629.817771840084
22766.674093391448
22903.182531535887
23049.04241926288
23191.6578326971
23332.495631830803
23471.03189140041
23608.451367864196
23882.950319010735
24021.02728360409
24157.12873138135
24403.531190289912
24530.21977733373
24542.048109640604
24644.15827835019
24756.918049602522
24883.254329332955
25014.826010971276
25026.656892323772
25164.723740743906
25305.690471849266
25444.2105247335
25456.0439796659
25598.14549819785
25609.980963320104
25743.73441514634
25869.886483964805
25982.80962747401
26082.302851394954
26094.09101356688
26121.984683661773
26165.567426874022
26276.783622070147
26371.759063426416
26473.62304363155
26517.965290333323
26612.04744179649
26638.703764408794
26756.823046594596
26768.648229311417
26888.257244659966
27016.774881483976
27028.60425463179
27141.885217530846
27247.074899938692
27346.409616255274
27438.831078325205
27450.593443694524
27466.338458606773
27540.925495292435
27641.164053848897
27691.943320703293
27723.480619866456
27732.548678659336
27749.67956032271
27756.40006312843
27801.326221846615
