45.40945629028953
86.4547963553869
114.59046143043943
134.46453299568654
150.80972121564653
142.38089966139827
131.9311474580652
129.51976567648043
141.80735103869802
174.99834488405992
170.9779321001062
141.31921058798417
117.38234073665666
98.96625058067235
124.71248295167612
154.93730465232218
144.05075872392416
135.35940511977145
132.36830171347367
123.8701735945949
104.72312099286827
64.4689119331959
24.05338747824066
32.49316281400882
49.938741769841755
46.382187190734605
50.69028136214259
77.98995649961859
106.63510770209996
115.38626326281954
113.51062442651802
145.53880295613638
189.8451804773358
185.35186623427384
156.56496972573547
129.41195951550853
105.82402518786341
104.82783507817024
131.42120944982705
169.7561870525357
203.25471890304604
199.4479676024575
194.05299424544563
169.08919795395786
152.19913034688713
148.8698534197335
146.93666140920595
140.41692279635393
131.6337458836718
123.64283439336923
136.41434880943643
154.22484724820953
133.7370506519127
85.49083143356135
58.027108481269224
48.83273198208318
-1.9397597029833449
-53.322933729710876
-75.0427542593217
-104.01494528668448
-139.88305751187514
-172.8851883392278
-166.84833062951935
-116.39096401911061
-76.03337632851593
-82.77407682155795
-96.64083497304533
-84.75169342879954
-45.77422599798874
-23.30842072676125
-44.54098493580737
-58.382344252496694
-68.38132077177275
-69.51453886537692
-34.905052756305494
-20.669848247072693
-6.434643737839892
17.555214518216623
38.401702202419656
68.87496424706816
111.26362321593001
134.27085407752264
157.27808493911527
195.77769449298302
211.95996759161793
204.1225902446772
195.5953184913767
178.74444972753278
167.90221845761602
174.94285350096243
197.62886990511387
214.16443514821665
213.39297328840766
203.00854510599416
175.26919501398754
145.79804508370017
113.97056629619452
88.99829681071978
72.47099719790317
56.30970988839232
46.89681509907434
32.88652477489255
22.200978634707276
5.954594212454786
-15.471026599112392
-42.727934650605455
-58.7174557074608
-89.99274482043094
-117.73935743066319
-136.56442955018446
-142.08821478314397
-141.2477724506996
-140.40733011825526
-145.12063138838315
-154.67458345961998
-159.2549511447127
-159.78185980180749
-165.6474557526514
-171.5663022628299
-182.0087413972853
-189.70643251138836
-192.88053100121238
-182.3895917455037
-173.85922155635168
-179.6044265564527
-196.25373140867586
-206.30208702769727
-246.19807334431684
-262.09927842852795
-294.0294911292433
-321.07394541780354
-340.37592975748044
-354.1371912905848
-360.03244123912515
-360.45296732217946
-356.2341784632822
-342.65784091419476
-333.7208183070631
-324.2398586378914
-325.0521923172858
-329.02323700646934
-331.6380109542171
-342.83482784771553
-365.235564371622
-390.68737793330155
-402.32049791682454
-426.01455298029913
-449.93903898733834
-466.22040162860696
-468.0063274626046
-462.73136728934986
-455.68041241706334
-451.2725318378465
-439.12977448678095
-427.99176871121745
-418.2662159053382
-416.698309738402
-416.0785093238588
-406.33177148355315
-377.1091508219546
-348.9656047024702
-323.49549774706196
-322.51436129720076
-345.2639448003665
-373.07992938685123
-386.1556463492957
-412.0894521642899
-442.70724865873973
-460.4669563006398
-484.3513105102691
-486.0900203102692
-469.91589579143766
-458.1277080403352
-440.11045729639494
-433.8813943035571
-424.3706558172201
-417.6824253610664
-412.3810801571733
-405.4685667864239
-400.45084365691304
-388.9796068628842
-377.2106604850422
-369.18124042856766
-366.4672530854172
-357.979527006484
-338.1176836402176
-306.4592690079388
-288.88895900614364
-265.6174001565912
-256.2596294863093
-242.62577493884783
-221.6349004565975
-187.55775540779777
-171.86760079388836
-155.80283646564072
-130.73796509188546
-96.27466649986563
-62.976606250583586
-48.10136283680954
-22.049690954695507
