-23.35794587976335
-40.569908549723706
-51.41013294848379
-71.38174972078956
-111.73253665799288
-159.18376641343758
-198.97378665303506
-231.510746999182
-245.95699898728637
-242.71683166229292
-265.2608843086158
-309.379904807853
-350.6174999918258
-386.634205070479
-424.47135359616567
-454.4546470940578
-458.5201043487729
-462.34877758309665
-476.77977058843487
-481.01966932078994
-482.9535966658237
-475.88601381333615
-469.3833314579825
-455.505323704285
-424.4888736943973
-405.91111601428713
-434.3913200781047
-457.63085192950734
-449.7136859407691
-442.6425259134819
-456.2168937679925
-457.40191029479456
-456.60437934058007
-468.62881538005433
-471.4178100897911
-465.9930208269571
-453.505928467095
-448.64682330939183
-433.79055926595476
-392.6653684369971
-327.2308109423893
-310.91932910316774
-345.2343701318778
-373.86774698149077
-390.2369938672453
-401.16685465376406
-406.0840055687236
-414.25354275222475
-404.0020092219608
-393.8756246001542
-405.3470832475119
-433.63206072665344
-468.02483655779093
-492.2332424767027
-512.1311795253544
-523.3117617274834
-517.9299049442317
-499.03525574360367
-510.60061238684904
-547.7953945309733
-563.0224974184879
-579.8217957775754
-606.8261721858719
-632.5018019168872
-659.5811102246435
-678.5926181832107
-665.1333303403619
-644.5021682188526
-635.1886662360541
-637.8568585528641
-647.687788302317
-667.6713732395075
-674.3207008561168
-656.8528760132393
-647.820707207631
-655.4952161368954
-699.9662478156611
-710.8372568024059
-676.7649045300839
-658.4385235828958
-650.2947249149374
-647.2066461950966
-677.267558821982
-711.5388868426409
-713.6451558336346
-727.6824150243226
-751.815579399392
-743.5441234196403
-727.4342403846143
-726.6321944800849
-721.2455352080922
-699.9874931366168
-691.2917494603444
-702.9507637346196
-714.6099967949864
-714.8555563430532
-709.8378592465887
-702.1482456597358
-709.4945994327242
-748.7103533685724
-770.0718982736773
-770.1330747919125
-794.1927811842061
-807.5199769192595
-791.1495538907643
-780.813874457247
-781.8409054469786
-768.9457388840946
-748.814929074088
-749.3893771852103
-763.6348292683246
-771.0928639382028
-768.0801864357694
-762.3860007083016
-756.0509976589916
-777.6569920409119
-816.736702484006
-824.5630060583106
-831.7284074252481
-858.7049773133906
-858.0588309014648
-840.1256579038419
-836.3003148496072
-834.5652999832866
-815.277501323068
-801.2714004511971
-809.6287616728089
-823.0924956155802
-825.9317855843087
-821.3064217918381
-814.2604253406847
-814.6217529667307
-849.1573964560738
-878.9160912839412
-879.0493696398131
-897.4808315030148
-918.1469383992797
-905.9711314535094
-891.8164858029531
-892.24779175105
-884.0349422937055
-862.5531995749423
-857.495445096561
-870.5839179498184
-880.7341401039228
-879.532569043116
-874.3138939460989
-866.6643915366152
-879.3313353550856
-919.7027198760538
-935.4833317103486
-937.3853309267488
-963.6627434207413
-971.5984362848358
-953.860468269887
-946.1497895552575
-946.6427335002969
-930.929732953072
-912.6781006018219
-916.5731671130903
-930.8854384113854
-936.5342950465324
-932.7011440817876
-926.5404558809647
-922.0862279072971
-949.2325782768942
-985.6079328591142
-989.4504315636963
-1000.9232809958762
-1026.4793689456387
-1020.7903459129753
-1003.8203501837454
-1002.0591600719457
-998.1301093703505
-977.3686218019434
-966.667476673351
-977.2763891287026
-989.6813224932558
-990.828665346708
-985.9277196410234
-978.4014025544557
-982.9944091974952
-1020.8935489989714
-1045.4091000810774
-1045.0644944263563
-1067.3408779054575
-1083.5359409487828
-1068.3978561292868
-1056.6080522485397
-1057.6186086665555
-1046.414922930408
-1025.5589606054805
-1024.1327471070872
-1038.1107147023536
-1046.5748835071688
-1044.1466405568058
-1038.6587448218588
-1031.6372035625473
-1049.984666385665
-1089.9665973327544
