-2.988323707545332
130.9669569280605
263.2903559564124
528.0169255931223
780.7291222841629
1028.0870534230926
1297.8176278176943
1566.7816613784394
1829.9984174701794
2085.6668567013035
2341.911114186688
2596.584201234713
2852.3173605829174
3113.799708343921
3370.753560992025
3628.4099756487617
3899.37849880262
4165.415096009156
4397.6736469337375
4657.561517750955
4924.3288087976625
5186.519061080494
5452.351019644062
5726.406889826535
5985.487924621686
6251.941829627943
6503.530462347734
6670.915814254693
6838.719228716833
6967.956775443325
7219.63874414186
7481.5120498386605
7728.361589004623
7986.845948667777
8251.16396352541
8533.307945066541
8810.225838014514
9072.936476311123
9299.108520875601
9525.560802479198
9709.860859895089
9880.699750234771
9970.411727102097
10093.659210887481
10196.478160680486
10304.06539290418
10517.01132959795
10780.842775911506
11051.087120563048
11303.892591882104
11559.759790691696
11812.714676093046
12064.701077572572
12326.01778724348
12584.586633699979
12832.85652729886
13073.309553892921
13312.64967475252
13550.417867799435
13786.317941338759
14030.771184919868
14289.007112161651
14558.84377573731
14814.39797235391
15078.374117344612
15340.445315693918
15595.267079983914
15837.063222431932
16069.981448869104
16281.393259902095
16461.17127892954
16609.8025124729
16788.89625663341
16936.781179132147
17010.80150984272
17218.81932544959
17437.360048964165
17665.969053690005
17899.54380355671
18144.39989947104
18382.541497292397
18629.29677113363
18881.863549583228
19127.77928336096
19386.005604132028
19652.243099110947
19900.121616726425
20139.56775819487
20380.857967474185
20642.40611980367
20897.570208724548
21037.718065055367
21299.330929621196
21578.747634991843
21839.28583828242
22098.85272445301
22365.094760445223
22614.42674810211
22830.906406303202
22988.735313201076
23218.900616987085
23455.90120500857
23665.665459865428
23812.301803079805
23877.400892411315
23944.857485663353
24025.39934858754
24091.859260241665
24154.21214479253
24257.49090952836
24348.71151703505
24421.677194488027
24504.924768178626
24586.67353239813
24646.07407813651
24682.815521993256
24728.624709461536
24783.742629337412
24845.631550678136
24888.66074013206
24898.36160157345
24907.155122349217
24934.743577020592
24970.263933417733
25000.991072968864
25044.87381440767
25099.972108139184
25136.50173558933
25171.430463008073
25217.483317616912
25252.450445014034
25271.661426282826
25291.531043267365
25307.230709625062
25328.73165234581
25360.94100993464
25377.141020813247
25374.80098362156
25378.64236794293
25399.02335300993
25421.66262102279
25444.26053625865
25487.416748879015
25523.459222158006
25544.89082160898
25573.339573362246
25608.226736146004
25623.09417886224
25633.028494704093
25643.699024676032
25648.158515670904
25665.47264186256
25684.471751882338
25682.994810128763
25676.513505117033
25686.859438661315
25708.84045855242
25729.459848690105
25757.08693278537
25801.13179496343
25828.33519463282
25849.489596572035
25881.588540192493
25910.07066226995
25917.916204530877
25928.76553511981
25934.927546513067
25940.944555893748
25961.662717093466
25972.897272354825
25964.53068598625
25958.923387369836
25970.808926430484
25988.336139132156
26004.927185727924
26038.48170182498
26073.49181883349
26090.668854147298
26110.735811661998
26140.966499984443
26155.97102861182
26158.845534873173
26166.975273587963
26166.709300608727
26174.387907809105
26190.932373030497
26190.34674028483
26178.397549334957
26178.745022381627
26193.86260748012
26209.564051229656
26229.167034027047
26267.535774382308
26293.85553433542
26308.74415866183
26332.767846035767
26359.83963359264
26365.424683133202
26370.485757603215
26374.72296331208
