-2.848739582180702
156.20428608635098
444.0440667309757
686.1083442329922
952.0955826466256
1244.6050105158656
1542.951041430399
1839.1664710024893
2126.046280803003
2254.9314214040387
2524.660411567503
2807.773376596393
3098.0521284254683
3382.4995672307277
3658.7491043976543
3957.8979120744893
4275.13965577587
4580.668777015631
4741.757383887538
5060.072950635976
5382.596537260521
5691.030176288539
5990.345730830589
6295.955671504795
6601.553288305638
6901.953468534863
7200.417407513668
7485.534537963037
7770.982104852907
8060.531472351319
8338.88439308157
8616.94160000227
8920.346256813302
9237.971172686548
9540.29090415286
9846.029527995966
10155.809298652875
10393.164657622738
10677.387606986907
10974.126114266188
11279.163279993405
11591.581446116716
11904.03976836458
12210.818723231347
12516.237619952479
12824.981810408603
13133.53575461775
13438.847276777462
13710.632047574132
13937.098328883592
14203.928926708668
14488.101294792725
14783.80555048043
15091.105997685536
15398.391873264358
15689.086402195204
15985.760328050937
16278.209319937305
16570.69296471057
16858.46810837743
17157.335443930064
17454.61127293239
17762.31055089158
18075.59038529009
18332.86357167472
18563.53027540932
18836.588253213016
19092.992920858404
19329.482310286527
19637.18713621135
19940.013718576443
20246.359115812753
20554.87635548328
20865.8504497178
21164.86181542121
21460.010991799703
21776.818341869403
22106.61444104076
22423.61064243547
22707.05962474598
22936.35241022502
23223.12636643866
23522.505730558572
23807.164429854773
24100.11531091092
24411.270011187127
24719.34573738864
25022.54679779481
25337.34172675976
25646.487150997367
25927.513979935255
26155.710312990504
26406.904509952623
26704.717189305775
26856.890668043794
27025.80582244047
27343.578615977724
27500.61777881617
27647.61612487765
27764.004173703273
27861.818067004973
28146.67403750519
28455.85301113429
28748.85498843532
28775.94015298729
28981.50540504479
29132.87231494859
29147.267857671835
29298.280977744747
29533.037358137022
29669.973857169218
29778.49207767419
29896.93152063383
30186.844109144524
30508.33434210921
30832.603126978447
31145.456866342676
31296.697398550303
31444.013192022503
31563.323012931272
31738.027363013745
32023.649251328417
32199.22233198793
32372.059575365638
32672.594835241096
32851.56160230871
33068.3856795606
33300.76851241063
33515.44033298017
33709.45106883219
33954.07083024418
34201.044605571486
34349.1831500371
34554.91253998088
34820.168470957535
35108.37501971545
35366.88534439455
35544.68895567333
35751.64634429251
35934.72205108587
36115.30373677204
36218.895973742015
36322.61459305728
36447.919808776445
36542.268385150826
36600.181649218626
36678.07958461634
36750.70505502258
36863.87061169151
36993.55290183915
37131.373973349655
37276.527499916534
37392.16062530082
37482.53564375238
37551.873376102434
37635.388484191826
37728.626878469186
37820.57686733328
37868.53207276851
37925.4447371539
37963.69737706499
38008.66751999156
38086.85851770038
38144.67865718573
38200.15440098775
38266.55342437143
38339.09905591967
38411.242207808515
38490.466585549046
38537.33342583242
38595.78954164133
38658.36209081157
38715.551134589296
38769.48809555427
38824.44942321729
38862.20905340983
38893.74612964638
38943.26065446248
38989.35469913552
39028.152398530176
39072.41399508543
39095.39279800068
39128.440207291285
39160.689241928674
39201.88454223213
39263.059077792874
39311.77633462474
39333.811987178735
39354.730956245
39387.13647051273
39423.810915597205
39463.971404506774
39495.903557931844
39528.96986683209
39563.87320167578
39579.52330315391
39584.56479712158
39587.397179120126
39592.44454013486
39613.04147437857
