-24.422568939629173
-52.85537300834485
-99.69128383640671
-131.03333221946005
-142.6546848520027
-142.55853935923773
-125.88011099118589
-107.74817872713402
-135.3970435375563
-148.39642455442313
-127.77205387480994
-123.21072906390417
-137.66581026891993
-146.2285642905071
-124.74536536281188
-109.80046038212899
-137.93491747228586
-175.31393287305514
-224.54649502134956
-263.2291917693717
-302.12198638282575
-326.3903659037689
-306.1404750683535
-265.69212512293376
-263.4985099516914
-290.3009040929236
-313.85546039029595
-344.67648069974086
-347.5367764393804
-342.7955497484437
-353.6891758397795
-366.7345176773845
-368.37310153294385
-372.4070452616189
-375.6053208112139
-386.68149066267597
-406.96160792522005
-409.5798639358899
-399.1313244138412
-388.9468486861997
-380.6067568626647
-380.13818969790736
-363.7088850616316
-359.7706724810901
-379.3307046367668
-385.67379805051456
-375.168599528022
-386.569803785198
-388.5494932980986
-383.4031933339246
-392.4972519280848
-413.92997318572077
-426.43887641663497
-451.0045599633896
-467.5397778359528
-473.253195550407
-494.9576704832672
-494.8670166977773
-501.16275339061553
-486.44912938926444
-446.6523252512788
-406.3552435791018
-411.2371921552366
-429.9786148087414
-435.7223604450324
-452.76849513648654
-441.04174526271044
-415.021128261503
-410.5415967673681
-411.59021734299654
-398.33163697365313
-399.05937926479925
-427.7029894234352
-458.34488970849566
-477.1239179053349
-480.5540045987492
-500.163091619666
-517.0252324519794
-495.65429573904083
-503.4209759544662
-509.85547014423605
-524.2405541176636
-515.2462150425163
-462.0914592108784
-443.70312609144315
-484.0352152752039
-530.1347217800977
-544.6036132615527
-507.10975541975034
-460.74847653625125
-444.4348896991842
-458.2356364504624
-470.38117396486706
-466.41735439742934
-473.6964937655489
-491.0570650564259
-499.07669061325225
-486.59479386435453
-497.036595549052
-522.9546420765766
-535.7453408924367
-480.6959453559773
-425.0031728397872
-384.9605395003744
-363.6162803025338
-344.48514736326047
-341.9147700569946
-358.880471885655
-359.2020666208458
-355.47547724493677
-351.1008336957857
-349.0943540145138
-348.31441692352473
-349.6751953307161
-357.68416902932427
-366.0437456382221
-358.961656071447
-351.8011430835513
-348.1673904331241
-355.18873313446716
-384.0828135447765
-380.8456114711184
-383.3699898051498
-406.11646995149914
-408.62560329824066
-429.0103683559886
-475.2870464028379
-480.3537328701482
-474.14470426700586
-498.89415323206333
-541.5405206469876
-562.3752849338808
-567.7367184486254
-558.2437444511588
-557.7244487444444
-564.1311427826397
-559.7169070935031
-556.960243733889
-528.6705250395296
-478.0645837041605
-437.7933289008123
-414.64810523264885
-440.54223947101696
-476.1796366935596
-509.48601935877895
-549.2511985712908
-580.3557881488832
-622.9063029526865
-643.4143547236797
-638.625495556968
-657.2312629229131
-701.5955033032823
-722.9791285241974
-726.0927574261494
-753.1334184851588
-796.0450298153236
-792.2865173845473
-803.7019979810842
-855.995609236231
-881.5237151832753
-879.4101539058051
-909.4873506009561
-942.5832630986489
-978.853407887661
-998.7782525527042
-1017.3127586761557
-1072.75333171222
-1127.3119894726042
-1152.8817969848299
-1160.7015821406205
-1207.3105842876896
-1245.0099163662753
-1232.7463520496292
-1239.6652516657175
-1241.6814675367232
-1242.0925680959976
-1267.4689122228278
-1303.2997020190076
-1335.5486486544405
-1370.141120300072
-1430.6789918691718
-1481.7563078716175
-1528.6518421959195
-1576.278004910993
-1608.3824333855878
-1623.6550957541328
-1630.082086949767
-1623.4009317757539
-1599.5798636914658
-1587.6190731184877
-1618.7885723348004
-1650.7148852307357
-1673.4650904531848
-1671.0761574624948
-1641.6849617682424
-1623.5709555044177
-1622.6496185112733
-1630.8725541335168
-1671.3418522983727
-1729.4099620859017
