31.423405055531774
165.88430060166257
327.2424362870609
468.1212205352745
627.3122149134126
914.4236629979087
1211.3042366405875
1480.2249208908672
1739.4392551430874
2023.5124123681999
2314.3806371941637
2598.665623216637
2843.5525518971403
3085.674526667905
3352.2008772253903
3602.369388713948
3850.74491757145
4129.099716668923
4378.970044905712
4627.46947400858
4857.990478584516
5058.7864077900385
5227.747272040517
5409.827375458171
5650.00925346862
5908.56625549145
6186.55297143828
6442.504180587227
6728.804931490994
7040.795573969832
7312.456849487247
7577.831433038335
7830.33709475476
8102.946125326046
8360.849827796937
8635.615347190585
8907.07092740768
9114.01203501808
9296.815578643917
9377.761764900606
9474.901280613381
9679.31879632519
9919.475469620646
10164.83288063303
10411.339960797535
10656.42173760445
10927.486942155268
11202.252968943167
11473.682999094624
11773.762032899274
12077.411437264696
12351.663534359544
12609.462340797145
12879.282717410782
13165.522958660631
13475.603007552316
13797.431965510106
14084.291981917093
14366.817435213266
14640.91632823554
14914.615861848344
15181.362600426384
15430.014375242747
15568.257603796124
15778.316455832357
16040.511639903503
16195.11364218445
16369.316307464731
16477.50095458461
16654.679564156708
16884.67557124759
17024.785520940124
17136.706090623382
17269.67513662925
17365.494258468923
17472.483136273553
17490.935198247793
17565.63651240131
17800.75009751044
17922.648367241876
18013.165954620104
18161.150967226222
18427.3195642631
18561.229804879593
18718.46248291053
18799.328866501444
18864.529311838916
19001.106067926958
19078.489437200056
19241.53967082799
19380.348397794893
19625.558749880398
19857.477621912345
20104.189269805367
20247.697779145725
20532.571279607942
20697.52534459565
20841.245295043555
20955.731261231675
21218.937152325743
21364.829992002757
21458.97391064807
21673.12172266358
21835.66581974552
21944.596289630037
22227.743309095826
22474.61929972442
22745.85093142505
23020.347187101124
23129.003805255412
23276.657655114337
23538.716772610747
23639.83246104809
23759.86888355081
23791.16073188632
23837.039515363085
24093.68830966892
24347.005098686943
24457.462934138595
24573.4429756771
24805.91811137983
25096.42140045326
25239.27736436602
25533.9891717229
25814.453209928426
25943.655084696486
26066.459973371777
26200.89996945572
26306.371096532563
26426.42821843634
26576.918608156848
26743.756790710024
26904.669785375685
27054.98776648524
27219.198139960376
27530.063798429983
27701.764983070374
27853.43902017249
28008.794719488822
28111.00306189734
28228.681823732022
28379.26414646288
28659.80218027908
28939.060375086832
29075.025669320476
29201.18991787814
29342.700816189183
29495.721913695066
29643.030669620362
29725.972843305513
29829.645428121727
29934.31512185267
29952.959827477996
30101.620940386336
30256.917772879355
30364.224653482295
30413.73584001599
30550.307553103714
30793.47660604553
30936.088618000842
30966.062368601783
30960.758941910233
31023.608612087537
31119.02254700177
31135.789385460605
31155.41809917482
31234.312950376847
31402.605582494547
31560.592969387046
31700.996429318006
31812.17155581784
31884.102912842278
31933.405952371206
32056.753142607635
32184.72083613045
32275.81831980245
32351.704773788377
32440.662431645564
32555.813341029454
32595.14075948763
32609.933184000303
32624.487457928837
32721.437801651504
32763.2032480517
32803.223883885345
32828.04021184251
32894.000519065776
33042.733699536126
33281.549978502386
33416.09965068055
33585.97231147036
33713.4370532512
33825.16437215305
33920.22822743313
33949.440434270735
34020.17616587966
34119.63715112046
34227.639161485335
34273.70051808062
34359.1307614194
