-3.486761359174684
150.08912501399988
430.32579268627217
679.4215310393552
899.8904886010446
1175.9325758043856
1480.4436598507893
1791.9985568247175
2075.6719543347945
2365.2985555277774
2677.428428141342
2983.0667888813405
3250.2025388517636
3541.735234007911
3833.933353786969
4135.61450170011
4384.7085491291
4653.386607104911
4930.157360040028
5213.106451545396
5496.5288893252555
5787.32446801643
6100.355940209893
6368.998589436987
6634.500751599927
6868.603825077121
7031.985884697671
7159.683171644133
7398.3669747247695
7565.522209478254
7592.592186870488
7878.776371608379
8004.230288272985
8134.773743737119
8271.188605430809
8405.78853136649
8561.15234445034
8726.305866529188
8897.80150192112
9066.680818926836
9329.542092776192
9583.203472671408
9796.983802404522
9860.055258313892
10057.50575402009
10137.823377416426
10278.371915603851
10351.076840030692
10411.07165414816
10607.638105091048
10760.40050140949
10970.438965866693
11063.3627351699
11217.475355998036
11512.613306933965
11813.391747276843
12106.315524290818
12410.2754795524
12713.508627643381
13026.066563897955
13213.872868916138
13539.2290413847
13781.148743034551
13986.378130615187
14261.173453393452
14554.94192371397
14842.38809157265
15005.337816100728
15286.546123092903
15457.33517608544
15633.129688086832
15685.607130075636
15736.811683330388
15890.467263154136
16061.810531834868
16330.480421327618
16614.66133416429
16897.39569595162
17160.823160679094
17447.96043670507
17592.745894105046
17790.771142732476
17972.315749881207
18269.015836833543
18568.5127788268
18676.695980869343
18781.084788844455
18879.42570670793
19044.397461003762
19233.033364473136
19402.801646179283
19558.87912749659
19686.94054201032
19849.16094915972
20002.830801665925
20154.221655984584
20318.90186165074
20554.180951343194
20784.340203091062
21006.07452293215
21078.044429560858
21211.066473627
21286.513015888213
21439.005237349906
21562.00248708211
21620.555329468592
21792.982963906023
21880.556515407727
21977.67618297318
22093.58907338449
22250.953212506487
22385.971803475622
22486.227079975157
22593.338479088678
22811.241309599787
22987.083887659064
23107.35605475372
23205.52525406783
23266.176756466484
23472.501414969618
23547.139443567336
23591.964567833613
23646.662906883816
23829.026285556218
23928.280397954637
24019.67803546578
24163.898005554838
24275.040900651402
24303.05264904828
24328.582885271244
24457.332255651614
24634.73851332503
24832.20147952468
24968.283308216996
25135.10575974259
25275.821703528472
25374.64958255598
25438.51159597628
25537.402206074472
25585.334217820084
25619.885331745278
25651.971880648412
25666.01943311568
25692.74362267741
25741.387177394103
25801.0881965823
25888.015028415342
25992.159412617526
26034.409834153656
26094.200786794532
26271.20519026382
26530.13870916647
26687.240005384858
26815.425780419417
27001.581446358305
27254.452849902576
27279.843645774672
27404.646546416134
27580.709165722914
27685.364776770326
27806.291446484716
27873.91499429333
27895.071822826485
27954.832343058235
28033.18693645362
28055.254119472753
28059.051950872843
28082.15234055005
28112.525416393728
28193.971770912096
28419.887654725786
28666.4523512359
28806.887675233815
28912.15736092286
29036.264112208042
29136.976974447185
29290.6762999926
29381.347045466468
29436.589877115843
29504.218970477097
29517.774693936397
29526.70833119281
29633.590917926358
29709.731482063195
29744.242910889483
29792.552018679944
29870.493398920327
30071.887348444794
30309.645902389675
30474.39593348924
30635.106815841467
30866.61601026439
31072.183793202967
31278.184869759396
31460.472770006778
31635.298263959205
31833.01973471264
31934.913813382336
32025.827018828946
32094.37861624498
