8.711254588697392
165.82011936499623
213.48973173018243
366.6370561967178
543.3511092867275
817.5299275761093
1110.6263207638917
1365.9521509708882
1655.7642267593078
1906.7774000238896
2196.089554858188
2449.060689955773
2737.5899326212284
2987.958549053762
3217.169280929202
3500.86553654739
3649.6023842715063
3852.7766720823497
3977.9846172363164
4120.967644633176
4390.567796512046
4631.202906725136
4917.944737650192
5169.702097645362
5458.407322353978
5679.846145357017
5967.258631821691
6219.916989371154
6443.32540703069
6638.882805025285
6769.55656124277
7046.908059227049
7297.747119925663
7525.135167363848
7739.115642013257
8000.132123592342
8204.591018092153
8465.629635336238
8751.564976183052
9047.226252111928
9297.00332917745
9499.090686191206
9675.471870102378
9794.191690988697
9937.671292482744
10072.681810094953
10322.40951211646
10610.6293627307
10906.09570171586
11160.885993048216
11450.678827361053
11752.141438227367
12049.856348739075
12339.861540354465
12617.640498620407
12880.034185792008
13036.991152970419
13193.083213006084
13358.891991749779
13617.23849517768
13739.14836233652
13951.029411133144
14036.343904100204
14194.488034241884
14425.747543681642
14668.908550636399
14862.022841752698
15138.366341115596
15442.08487693197
15593.637407402764
15731.317623060118
16007.590444162644
16283.582182471497
16518.046583438423
16707.045330212088
16919.674539823613
17164.971494054073
17294.679526687563
17418.668489333522
17665.43440247332
17932.995966932336
18168.926456380043
18297.917734531595
18445.127007531173
18662.961935369276
18816.047115152334
19108.841145856546
19413.876952788567
19709.727549345724
20008.427912520914
20143.603177155775
20360.41227165685
20477.07953293977
20650.13094441531
20793.278663565474
20949.010185148964
21177.772075655306
21285.148929719886
21340.352937854113
21484.67022924535
21643.34675056628
21649.040783718025
21735.284405442824
21739.844533607302
21781.15626879411
21807.33150941106
21865.158570801228
21925.015798984863
22066.931555736428
22177.49983743339
22271.93724992753
22300.06085636057
22392.47779618142
22509.641460018414
22629.41850169803
22761.438875516884
23013.36759309289
23179.574829473175
23439.838692632875
23660.357475782836
23743.895344803324
24006.95725756445
24155.29071430256
24455.403801709494
24744.955756793446
24877.09202661092
25022.572632149717
25211.36285041085
25478.546749017885
25672.081563579544
25787.825443451093
25886.33631299365
25996.354748196605
26023.452167849926
26156.111531250594
26280.970096223515
26445.650498947292
26728.08182968404
26973.216563762137
27178.844799179846
27296.90706373691
27406.08470038709
27543.718301460205
27687.05419164379
27776.170830307667
27819.43916769608
27905.7470323713
27980.473939975207
28098.172015275402
28191.08874392509
28312.675461536517
28420.042574901614
28521.736121701786
28669.00759630839
28786.489297326818
28909.837338904363
28946.400713656833
29020.488695397384
29103.861461458055
29192.41348702231
29217.49909083503
29242.921338969816
29309.99089383869
29399.439811060092
29422.57110725602
29489.24187845791
29710.973758491516
29867.136889575795
30017.49482658901
30225.279560404062
30393.42689757988
30523.707251819884
30802.19729285828
31061.61348362994
31200.5099387144
31327.498222714996
31572.651288982903
31740.853658279528
31895.14752691924
32036.578611265315
32143.157753401185
32297.633793316007
32486.188509627602
32580.370281850206
32714.235297979423
32832.461972753525
32914.82870132794
33041.358072675146
33104.243959316926
33207.06490330354
33260.41718291173
33297.53419890623
33435.10576106864
33589.34532138692
33693.04854582404
33896.924321804334
33917.35553347674
33938.9408401416
34040.86924813343
34130.163897892184
