-24.44791145876281
-29.626637525207702
-30.42685744321747
-32.87684178150387
-48.767987986117205
-103.36800495591132
-127.81928230847986
-129.44769801083854
-89.17471825226157
-56.57160782038651
-56.67771262021077
-83.13233892973065
-97.01410892755318
-94.25620587533929
-94.69440152623318
-88.15833953441786
-93.10170645120802
-99.06572162629531
-118.10313173553303
-144.17679467225386
-164.25663905951504
-172.69233183214644
-167.57468741693071
-166.6792216260523
-148.46168666659264
-127.85911500796358
-108.11824716961709
-89.75721540444839
-93.95439014721502
-117.57698194168901
-138.38532459232724
-149.47748489726743
-157.35431045267381
-175.9936619586025
-206.8129832448776
-209.75147816082034
-197.13067098458373
-201.91199048452384
-217.85911663442909
-204.54007675685136
-200.51635848426966
-239.39592274287332
-271.75108165063557
-293.5582002630234
-321.6092560277934
-352.02544145385787
-387.04301932463017
-413.2559411402242
-434.9303299040117
-470.07164270564493
-490.8672939509321
-482.07502724592
-461.0966661957655
-412.8890079364311
-385.4217070770724
-370.7838485566673
-373.32085061997077
-396.2088846929638
-415.7789821030452
-414.87917817191
-399.3819538123548
-360.7051171663214
-336.1234444114484
-308.2843554979368
-308.36389832219595
-297.71349793677604
-262.1950656674255
-243.50631915868615
-244.70085335699605
-261.26400494850503
-286.1289464473304
-279.04043752984586
-276.01793739531183
-283.48344186479954
-300.5637703653654
-302.6662771326341
-314.18332733465576
-370.19807913133536
-399.1415480153385
-405.12428526605606
-409.77884521134007
-421.8058515544385
-429.08499092255806
-436.3641302906776
-438.9269800492779
-419.4554292766722
-380.38269056745435
-374.6066891202356
-392.34897663890285
-404.6926442750093
-419.3709865165109
-425.27916258932635
-409.49038396073695
-369.86717256546336
-349.90106893206917
-347.8913548678885
-361.94121022097465
-342.4031825981157
-333.58189735891915
-357.3161867342056
-370.9355279273254
-413.3520578328214
-450.32412484017857
-447.14140671432204
-458.4955477910532
-482.2257128846616
-489.30564829008205
-498.26728593595834
-508.32553820013675
-517.5883693308156
-531.6803262509003
-551.6040411787014
-588.8353066974016
-626.1060741796744
-655.7458197646862
-711.5668747655665
-744.8124023921567
-741.2156176636508
-739.6222353402533
-748.7197188335608
-772.3547694400174
-808.2896092816595
-822.1057144225475
-837.68564472974
-841.5528175030728
-854.6941721032263
-870.5197130929018
-897.3022273685842
-922.3521618999678
-950.6515849837572
-941.364145333008
-925.0022334394428
-902.4616240361861
-885.6142385285298
-892.8933778966493
-908.5302047747816
-897.845045420839
-879.8720990331966
-875.5469166282088
-885.6832664794495
-883.6847493829232
-873.962633760117
-869.3795371085757
-862.6925174487699
-869.3011134650094
-885.4598155394726
-891.376833881566
-859.7617136578195
-859.1534198071663
-875.3534174681449
-884.7717532845708
-888.8118229146261
-877.5538771775845
-847.3206001782431
-799.2439155963223
-749.3462385818789
-703.4115823186297
-687.5611322930156
-688.3683858840953
-681.5334839518106
-689.2959204724378
-725.5088294816811
-724.5983572374018
-728.8213461067486
-732.320095762371
-741.0684102900213
-752.1388891459789
-753.6153679021803
-753.5381337837357
-750.9013620228069
-762.095628183047
-778.0221043126845
-779.9383810976994
-782.7567524991301
-796.686610206101
-804.1589550025876
-805.8170611347716
-795.194677944085
-786.5124633586595
-767.3199160612136
-720.3421508568953
-673.0129463344067
-635.2376520905115
-583.9654080286076
-544.3628099131982
-524.0580970242834
-502.1748656415412
-499.47138726612036
-509.0165970856967
-512.8500915393341
-546.2992781567207
-563.1753551186446
-574.3466679209816
-574.3818167306525
-573.752699744437
-584.5438336934267
-595.2366811324289
-599.5126360549161
-600.6945815760085
-600.0970941361418
