-23.14652538564121
-40.6250508636426
-72.25473574699959
-117.65970583218606
-159.2506181346416
-174.3079883478861
-171.08512527421252
-182.6770949401943
-218.5956103003172
-232.63173328541137
-260.5985593423739
-298.83680982460635
-324.6366907817587
-361.9643549048962
-415.5839816242613
-412.64416051079706
-384.29995619494093
-380.9827072832653
-376.5383818059837
-344.20853453144525
-305.3220343285319
-295.3203531182208
-303.43595419987355
-298.78586778571463
-293.9535180552143
-299.30674081987576
-308.35169210130806
-343.9682989263324
-378.8853969564558
-405.6575977881432
-454.979033014649
-505.13192250546865
-504.8877925063974
-476.5257111310194
-479.086154814146
-475.0784708120453
-463.1902159563215
-453.7593896859555
-447.31041571134625
-459.65456821900324
-457.3949235977404
-440.55229452472213
-423.69572148807794
-418.1715502540309
-415.2473293354009
-405.46745242991807
-395.7967690938961
-392.2971643138933
-382.38221491814016
-382.4403605915274
-401.4861791088181
-433.55578749730137
-453.17419886571406
-449.65741201034234
-440.5958919476885
-464.8469630395132
-476.3860063013642
-483.8924334203428
-505.50522664945356
-530.4995250901167
-535.5022118902971
-547.9390242066614
-530.1222188193933
-511.2339067992499
-515.6114489373269
-531.0353490832324
-538.7796370084259
-556.2459552956292
-554.1408125844896
-540.7145185086899
-541.6319899647423
-535.7976793603566
-525.6915626026997
-510.6760525904672
-519.5205820036325
-535.9600625464625
-508.9037335023151
-465.54919163890827
-436.34399954649604
-399.3117910532184
-372.4094130858489
-403.0005644417496
-410.986075106091
-448.9046363943561
-470.50389738510177
-455.88668644408676
-447.5325561944753
-448.9416676626747
-435.76867318109794
-420.41264919414164
-410.0919096926567
-423.5585351216596
-435.65560355228797
-431.994825274864
-440.6308367500952
-440.62847642620204
-422.15827663386415
-422.698802188057
-434.99460373188873
-442.97055679077073
-457.36152511205864
-481.65964346664896
-467.63905358116114
-459.55164894185873
-452.68818580389814
-456.00504578549806
-467.2799444892691
-487.7736188184087
-508.09058165060617
-503.1182292953071
-511.08709696278527
-520.6302627259204
-528.7584668030975
-527.7579130165287
-489.04052556114334
-441.65779378956125
-417.7500507804446
-423.1642429550282
-424.6920239731755
-426.6324118671838
-403.6697306306083
-338.6220373420881
-294.88084157100633
-280.35690418137517
-252.50020545810372
-218.37802517018807
-182.4239064174436
-157.21281220100963
-161.61760266752964
-176.36887987917862
-201.37216720754546
-233.67850909382486
-237.48692801581845
-240.10769340078096
-231.82389904622448
-201.08801994551442
-191.40760557382944
-218.02161114536074
-228.05257573733186
-217.20792797092528
-189.28771145052383
-152.1540087589491
-115.53827720335082
-84.02135275189363
-74.73024297685099
-88.44541287723457
-103.79145179169149
-126.4885327425349
-150.665130932126
-151.44452934147512
-128.6623898188773
-93.41711779700141
-70.7710172639747
-83.81341422104175
-107.37085488883562
-111.66051292573906
-85.27611661112428
-42.05138497303448
-3.288753044370985
29.4756182772037
50.965067838243954
51.635095497149166
34.92928821563833
11.357213087919611
-12.7253759695026
-23.254964007117927
-11.522915500672234
17.47075698952316
55.948591666915625
75.10197824336764
72.64509309342617
64.63320365786261
83.32541537678446
127.3798755874319
171.0663852463422
207.2427020649054
240.28675172289826
261.2140763495917
260.7219949067338
242.1176679855476
217.77320955860125
199.23641035308887
200.8620213534974
218.36460870555257
248.1604516421445
286.2681329721563
310.12630759490224
310.50031664570383
316.7539556924968
347.9194010124593
392.0682218407747
433.7387221499657
470.0886108894996
500.01376224030656
515.3063156537376
508.2216899738509
485.9268513463734
460.97410878677766
444.7175563481167
446.8321735358834
