79.00685795093895
79.00771475666073
79.01561712051489
79.43112826495411
79.15920306747348
79.13450713556162
79.27220521602958
75.47457965922021
75.3405789475479
75.31887165242725
74.6347810955377
74.1546533914037
74.15177455990724
74.15222203870044
74.14785248008342
74.09672046152419
73.66348052811254
73.71416071716527
73.59644627247245
73.5724314200624
73.54251466795732
73.43123668460922
73.37426508945754
73.6323844358619
73.43547442817352
73.43801007452639
73.39703228201843
73.37382451868255
73.3836820035386
73.01856292581135
73.07988534636048
73.11976161706436
73.06709431763157
73.07124399127432
73.07685274135333
73.09778899875802
73.07379814877187
73.08567917846061
73.09635116703944
73.21097783970805
73.3929713619129
73.39559054490793
73.37838981677397
73.37052307200888
73.3722078067103
73.36779217625327
73.2182966573473
73.25515651567638
73.29290478820015
73.27595625388315
73.30033067614292
73.28930664682565
73.29342302618454
73.34304649000993
73.13571534058119
72.6094180907898
72.491507126875
71.90348595615184
71.88210448975505
71.80612773442702
71.88115482196866
71.77846067929728
71.77974124765359
71.77541747986128
71.74668500033268
71.79360880482689
71.81659936960862
71.81159733169414
71.80469435236745
71.81424848535448
71.8662687753466
71.91919043501572
71.73527434479861
71.22183540514082
71.26695572438206
71.12732908520655
71.13182897040483
71.13735152507394
71.13300195611093
71.13004209127246
71.13607786530022
71.13541439541065
71.13503358323219
71.1196008114464
71.07470589725483
70.95940307452513
70.81342955356895
70.71790014048703
70.69567400538445
70.66620818120063
70.55072136819992
70.59006378580818
70.61418120340348
70.6154500778771
70.61560923973303
70.61552238071263
70.61535119598427
70.61571172945334
70.61566399674324
70.61468639111231
70.61268718024753
70.5666029934434
70.55737297551207
70.55721222897348
70.55436359204545
70.54519033537463
70.53376614939643
70.5082467969988
70.48897357370298
70.49256061355668
70.49476385420702
70.49339980824696
70.49331734618227
70.49387190836472
70.49481081660903
70.51393639013745
70.51244416612617
70.51761615009413
70.52523823982095
70.52686120371324
70.52624195190683
70.5261218668592
70.5253945539648
70.52485370830294
70.52500047305472
70.52448523951331
70.52465880030825
70.52479587970267
70.52477174668286
70.53763460537824
70.53453772514852
70.45045807978305
70.44659051448001
70.44452285164006
70.44253490545199
70.44074284979035
70.4399868194261
70.44018985290437
70.43989294523932
70.43909061698508
70.43844218623263
70.43834412943565
70.43834281108562
70.43836682974374
70.43986833979082
70.52143224059664
70.22320531676371
70.20898521573345
70.13164610234007
70.13173266119402
70.13164838463315
70.13165568361256
70.13147707279607
70.13135963021581
70.13157100708646
70.1325945956425
70.1332049320941
70.13320017892798
70.13323386865159
70.13293159158478
70.10941304961395
70.12738283492772
70.12081471745738
70.12064249829653
70.10803104966169
70.10807474150711
70.10815380012214
70.10813575349897
70.10810465837653
70.1081467859358
70.1081619815376
70.108181490276
70.10820226568799
70.10833513091465
70.10840609712199
70.02325904477169
70.00804930036597
69.88480230962287
69.88482577982148
69.88487609684023
69.88486150191872
69.8848282168367
69.88467295274633
69.88468389288539
69.88474100164491
69.88474161870907
69.88473196234298
69.88473081010675
69.88474959915997
69.88477347531116
69.89735725908221
69.38814416504887
69.33115806530337
69.33353632277692
69.3318806119985
69.3329494519832
69.33281757292296
69.33258958594728
69.3323709093551
69.33208349991031
