-23.07053903217058
-33.4451516437529
-27.314958793877246
-16.228303276317124
-2.374052618177945
9.904675859967975
1.3501889673100536
-39.661509129578924
-73.12171182506648
-104.18286623479963
-129.3899229529077
-165.64746976229998
-227.57650387237942
-265.8814640343758
-278.4992567475801
-276.0549725915069
-246.09534739811912
-231.11252230239654
-185.93958861186417
-146.22367634331354
-126.58616421405635
-116.2581465886513
-113.36159153050568
-128.03182664414976
-138.12299056302254
-126.30211762955764
-137.10416876244537
-138.7251756339192
-142.7084130102044
-172.1937444081827
-181.8166279914235
-159.41473599152468
-160.00473635392916
-175.53797420275814
-219.11111914419786
-261.63571012015785
-282.0779799003308
-269.9653199409477
-289.7847096000032
-338.1223012111203
-375.03208066108846
-409.22214501829944
-445.05828036014276
-488.3327897838566
-507.5323257434081
-491.88977293736065
-485.119606444008
-510.4586735554189
-511.4807719041464
-489.85639518753493
-513.4307261230775
-543.717079683199
-539.3410984817826
-572.8778374450883
-615.5237961384581
-611.9378607947937
-624.0455358542628
-652.958440124243
-666.5402743083077
-658.6247494614477
-610.3265883950493
-621.7759258284525
-625.1001067261094
-595.001427643473
-572.5007631742579
-578.1182395711958
-575.2581463995513
-572.5019378692094
-589.3356106053998
-603.476014088978
-589.0228062038507
-575.3958464628402
-558.950633743766
-549.5534215871347
-545.4414216618636
-546.8003682629716
-561.8711635738091
-586.4533194302563
-611.1174125951833
-629.9235938927717
-612.1222267941907
-615.9496618969984
-615.996466294991
-623.3294386833928
-647.5325625222184
-675.3329171751901
-692.241869116285
-695.6847740618962
-691.1166602210596
-672.2726213701826
-652.52602474989
-666.1183869025656
-686.5907487029527
-681.930708978544
-661.7292471938331
-671.3944097136497
-690.6375293393883
-698.3768136873202
-719.0106129638748
-736.4887860470327
-751.2192989843594
-759.0005593543758
-761.1970519014494
-759.8009781171909
-753.3477512550027
-757.1428811808552
-737.44933826235
-738.0908352679803
-750.8029354358429
-772.1079117092602
-759.3768649788866
-745.0249648653797
-754.2290647586325
-762.7937304676157
-773.612273678473
-783.0952209883989
-789.9157743673217
-796.5708665509493
-803.7167569254585
-806.553225669017
-803.1182183242213
-807.0751158544696
-799.4985540218763
-788.4574677793673
-801.7877851373755
-828.3835501991824
-837.2362529134357
-813.7316652031049
-810.1922175650367
-818.0854696697213
-824.1360973487605
-826.8244863390819
-820.8076808719251
-823.3467613661852
-832.8792232159818
-840.4782790354745
-844.5014520900196
-849.4764588662389
-850.2607454301926
-837.8945042087182
-852.0889116207487
-884.3936323242367
-903.9017666121697
-883.1568479795844
-869.7291461037742
-872.4942039394869
-877.8696322259271
-878.7924346782738
-866.2035046902471
-861.0741924432965
-869.7910625486321
-884.5453572816472
-897.0753809740264
-906.0123118317613
-914.8545705245248
-908.812267504794
-911.1590724863362
-937.0891403293922
-963.6906257981047
-952.7162935988765
-934.7909706847122
-932.9949571195356
-938.58895220688
-939.2542202071262
-925.9172865036819
-913.884560528695
-920.4295507797862
-943.6520617754287
-971.9366275025963
-995.0147506696527
-1010.9636347391167
-1015.6354311251687
-1015.2546202336491
-1020.1296539740405
-1023.2081474583657
-1012.6528754175359
-1006.3534871431639
-1010.7262229755214
-1017.1400323227627
-1015.9156517205051
-1002.3081573624517
-980.9858070145092
-964.0103204514676
-962.9692772059742
-978.1150711234891
-1001.6224413516877
-1024.819743521078
-1043.4151719125327
-1053.7889922812653
-1054.7625752134452
-1051.9980396190667
-1049.4543918730183
-1041.607020030645
-1027.914671507038
-1017.4061006997048
-1015.7459762151278
-1018.9678213095635
-1016.6066749193789
-1002.7059510262588
-981.6129252142996
