79.00685795093895
79.00772971795509
79.01444485913258
79.0408088520207
79.02186417458853
79.25956061624382
78.71031118290333
78.56875408649171
77.47632586902655
75.40981693477005
74.4276287594545
74.07680248501681
73.58102292356585
73.57892650188938
73.55804372517811
73.54086780903913
73.55776810010254
73.64425064317696
73.64678634422152
73.64907728525102
73.64496061930521
73.64536371899877
73.64944592708312
73.65479041524097
73.65660301942536
73.57750262991611
73.58027156646013
73.6050407575285
73.60556114103333
73.60693998828286
73.60237654643274
73.60464555358001
73.70638625849769
73.65794099558434
73.64526356451013
73.66231927389208
73.69558303061804
73.71433835765288
73.65893407723978
73.64039492473006
73.64874551822606
73.6365300560985
73.65042641700725
73.64615860847427
73.6357148919695
73.63203113938549
73.63574755419287
73.57350760012099
73.4560918403284
73.65594368835451
73.39322793496754
73.32849793557534
73.36570587611763
73.19431482523089
73.20512141514814
73.15967396246442
73.15841591847153
73.1363427782133
73.20830088527096
74.00213734520081
74.12553252178337
73.99906325073347
73.9583801766225
73.9546177526908
73.44091859580325
73.26371773861086
73.39245065848098
73.31473917496979
73.26140020268844
73.16474797497399
73.12655806549225
73.1668488474007
73.13869380149573
73.13602335501413
73.13712985388567
73.07742912942699
72.78274462305524
72.77494059484839
72.77353839441672
72.74385687410563
71.65402536542854
68.7221814438498
67.80785970554045
68.1647871558799
67.9916726010676
68.35896494108657
68.06779448125934
67.50352846334867
67.55152016843878
67.54061416942994
67.58682048081882
67.5651895273082
67.65743185658108
68.55946185632598
68.57682882316482
68.54556695798239
68.53319165237025
68.5480515616971
68.57944329390526
68.58731688590568
68.56820240371121
68.47513037959855
68.21058689070789
68.18636144411896
68.1954257774704
68.19705163668
68.19619930893569
68.17945354832626
68.17479095520667
68.17398697086725
68.05001935922691
68.0344698346502
68.03100622910625
68.03116573705516
68.03044067479108
68.02984117421335
68.02683962627658
68.02558129702072
68.0590926380623
68.05895502681213
68.05454332169998
68.05480508168475
68.05472363090456
68.05330162498166
68.04676804336619
68.04669194821524
68.04316548070565
67.97652423535233
67.97102596571567
67.97050441311859
67.97066128718488
67.97039740939319
67.97028119385003
67.96923886889377
67.96893674013477
67.98267922364558
67.97984002326055
67.97853493683597
67.97854299171114
67.97843415838167
67.97505046115148
67.97372095635116
67.97355436007427
67.94921883283742
67.9331911849438
67.93120382749467
67.93113149125342
67.93107296941477
67.93092577515812
67.93016744188836
67.93009579683891
67.93776239885159
67.93793414092215
67.93248845277141
67.93182700015721
67.9316485844628
67.9315827472134
67.92826814250209
67.92821440796274
67.92680224328664
67.88148281585956
67.87550609886416
67.8736743673031
67.87367923848457
67.87330155003701
67.87303849418615
67.87174795571318
67.87170058847492
67.88605651981972
67.88547826317922
67.88332237616056
67.88316627165901
67.88315149377466
67.88242872877555
67.88078710425938
67.88124435473092
67.87645640272908
67.85329356627467
67.85147992513232
67.85122482734226
67.8513251049699
67.85118609118896
67.85104738106287
67.85065882522981
67.85131387709795
67.85586981128931
67.85188013536566
67.85093533396999
67.85080701147288
67.85082072602876
67.84937460225886
67.84917310950841
67.84888088988171
67.82853845388368
67.82172373213832
67.8196180736835
67.81955818077228
67.81943062368806
67.8192280628571
67.81840466429695
