8.701441696521114
165.1874831526962
446.8976373217421
703.5571675130833
986.1691727016592
1278.7758249021754
1539.3382043074819
1793.8904327977182
2072.7291483743275
2355.0254674373405
2647.888484936924
2936.858016011541
3062.0734492305787
3333.155575323159
3584.471049597755
3858.852622805727
4141.366707938469
4396.4090324444805
4650.555016605019
4929.268741579641
5183.847666877998
5439.292765815815
5671.001741503117
5885.9201315020955
6063.792427139315
6270.010734078396
6520.199695086049
6782.465107554535
7036.216011792064
7301.51949908929
7554.925650734368
7819.480748523804
8099.824436842493
8356.509050847355
8622.11771470694
8878.266872374046
9142.727361318557
9398.676705734633
9612.03429480625
9754.787183478142
9832.968775562204
9984.457168293093
10177.531049277179
10364.571931294107
10634.18450743104
10915.12929407483
11170.608492470203
11436.649714432562
11693.534860031194
11958.55598099049
12239.500770042148
12521.890550926964
12804.430714711323
13087.178905853105
13370.131129816382
13653.288877255645
13936.630721236199
14217.88978099012
14498.207293850905
14777.099857890891
15059.823944762413
15335.578684841697
15621.067715735784
15901.404646985206
16164.530254189134
16299.94194002068
16455.889830222666
16638.358488704853
16790.629382781968
16972.895178783674
17156.580458904715
17417.313905648494
17694.241509002735
17960.319347269142
18222.913968562854
18489.148789451167
18759.369318784255
19030.108788072866
19297.969351145548
19562.547612788836
19800.07065367092
19985.875997153726
20240.79292355953
20459.005650327897
20615.334453126732
20832.76726068123
21025.498327762692
21079.336053187053
21143.95935095268
21273.209594060576
21411.715414182592
21567.372992713765
21743.131764634356
21848.11152078561
21952.06858488186
22100.800955990184
22213.0729383316
22281.10728466925
22395.667555707085
22440.668733774048
22638.134519093215
22798.095622687597
22877.53922367561
23000.33244668467
23069.456826792473
23145.316082235408
23267.244352389123
23322.363543876087
23406.941206949006
23526.664388740635
23593.255517221805
23661.307891340937
23698.20713762551
23780.63403325129
23908.56448167501
24113.813880882964
24285.504657315592
24392.128665042626
24476.743075823553
24542.251927637502
24566.279558461585
24604.280834156867
24652.56986220442
24701.654307193046
24766.600955519432
24832.00989602759
24873.440943339298
24903.790386299195
25016.429464114473
25225.20925515538
25457.924154280478
25687.49239646175
25870.58367751784
26010.72846831295
26084.44959309397
26145.39591433272
26198.033094751336
26268.435041460023
26413.796513316287
26477.689358837644
26506.156848480132
26526.265695381797
26552.57789806386
26600.87491620582
26700.780524963437
26930.13374374332
27165.488745339153
27402.611961288287
27597.19719685162
27702.70412319856
27739.5675070948
27834.250118110132
27905.625178706512
27951.249582320914
27980.65264293615
28010.2750873815
28035.409539266555
28055.709631739708
28114.198226106004
28325.069617306814
28546.23100859833
28741.271236985696
28819.04451504321
28947.88136039266
29127.267699522556
29229.793852776555
29323.516000576117
29372.57225088321
29437.94861614102
29469.269387696222
29489.115988878923
29505.71435569174
29577.748275304686
29637.41289682522
29807.198717565785
29906.435108790174
30119.286455358062
30336.933365602374
30506.65711098167
30642.57270683437
30679.05335291115
30747.58291291521
30837.19299346156
30899.263239661646
30925.510335916762
30948.219663491538
30994.158400821605
31013.518261655252
31033.38456484108
31142.880513353703
31371.551898068836
31614.348795781603
31842.865903896767
32039.01641282053
32115.81474166101
32192.164116155676
32261.504819442445
32332.900946230428
32356.832982903416
32373.83357657904
