82.16597795857055
82.69421832891753
82.91699678955742
79.12915747010702
79.27221695436468
73.96138031827962
73.10697085668914
71.91201208743344
72.12065968888487
72.9208800983077
71.05048882990974
70.7275738695931
70.44590055973
71.29895336213318
71.27372691182494
71.60654416414908
68.3672545988396
67.14734379386316
66.61601829464348
64.11914986971061
61.74556186916486
59.1059420679877
59.73530151380166
59.09844280528446
59.17025085102966
58.41588891766827
58.28202318326129
57.61015043766418
56.90527632551185
56.32231930319224
56.04487961123695
55.80197658002408
55.82519613860973
55.87101170479873
55.73161218650736
55.326397502921765
55.710797824871385
55.64697247418739
53.81816640583445
53.37669844214051
52.75598977102745
50.59113395937965
48.4107339551704
48.62621892534765
48.58873884843661
48.218158972363696
48.17648045811907
48.14305154780721
48.079871603975704
48.31749645290072
47.99510084713594
48.02564690468012
47.838382257763726
43.52436198250724
43.52004828299684
42.83813969601815
43.31717402431425
43.37632971444687
42.51277280435309
42.7334453067086
42.49439782450261
42.363893626130086
41.942547023103565
41.667038010666964
41.677654979510834
41.67980455829022
41.6899380069098
41.66584533373099
41.465323513702835
41.51620683556495
40.140652765195696
40.10832515462795
40.075811921038984
40.06089673538345
40.01594761763262
39.9554489999685
39.99598290541124
34.99914338024248
32.138247844302676
29.438095688409884
29.070767251221383
29.545933887006303
31.188311278096602
31.191850085275515
31.191882381631135
31.19283963050426
31.519365831930436
31.368931107585624
30.607855152414242
28.08429924322223
28.041115164092194
27.62312339301127
27.503649890799114
27.051210507448996
26.29204051209911
26.8753279675953
26.789167712365952
21.8843178590204
20.955448883416828
18.888067937112556
19.107861286388015
18.75737780157601
18.172077504180287
17.64173674034518
17.638148299694127
17.643128474163635
17.682956856703086
17.67658143603884
17.608099835709176
17.595011340206707
17.601760912559975
17.51361783719568
17.50194615562029
17.480674043822294
17.53889859991281
17.392334048486944
17.39523070669909
17.38907033429359
17.387587392267655
17.261204913092712
17.34388864957542
17.18656700908113
16.69884836442438
14.887298929750006
14.17253864096804
14.156629113455752
13.975446802950351
13.967721383038864
13.873366224597884
13.832768631448397
13.79587511336242
13.776121026016753
13.77611950790561
13.775181476936163
13.775324932270022
13.775330098517918
13.765050189088093
13.763674764115933
13.70326667150526
13.703880943869272
13.70873677343996
13.702677825367381
13.701763249818864
13.705700744319367
13.709577419408163
14.15741686258306
14.158684762403286
13.58379077802131
13.407979544303014
12.255691005115994
12.245387401788546
12.091186063261716
12.09558250602121
12.09584281149756
11.868977993371892
11.90373082086383
11.915521171127972
11.932628206999006
11.940653447076809
11.579063724210744
11.668443642296184
11.748724497287276
10.58118676713521
10.794793530170585
10.753649407812858
10.775522809051768
10.62496606229855
10.173915911248926
10.03062554426109
10.017534310483953
9.953435954656642
9.944501462957046
9.940312210221418
9.939621240089908
9.935107335714628
9.933547742428217
9.933328741966738
9.925369031014753
9.923656366563694
9.921127333514969
9.920495927174366
9.92046911605085
9.919465377067734
9.918884493754875
9.91877706513055
9.919044545519288
9.919145330717262
9.918543977607122
9.915664582770892
9.915326483142263
9.915598960615364
9.911842889721353
9.91077476586646
9.910656620797546
9.91057536830273
9.910554722672353
9.910483523265038
9.910477053853095
9.910466043319895
9.909473546811185
