8.736670770389921
176.1987166158557
344.17182223275023
484.6291192796255
611.3452564928853
778.0077895518295
1081.400453801856
1388.0523157500816
1661.4176462826501
1950.0055056398392
2256.4863532759773
2563.474554257462
2824.8124586868785
3094.2271759996825
3396.705700199706
3703.037400328739
4006.2717056543506
4313.005577293645
4608.283028402616
4909.4186575811045
5215.754098171721
5522.673047069469
5796.2208722347805
6049.259367993232
6355.068298195961
6661.867277648077
6968.68423894205
7101.928371667825
7265.608433165213
7570.398543864288
7877.305495422014
8184.306496977907
8491.360335354686
8798.427492689183
9072.948255674222
9290.835537218178
9554.281131690943
9833.558040333508
10113.998946536129
10419.71147912964
10694.639594675857
10910.496409884405
11040.238340449658
11145.460366355863
11394.107223464107
11647.68983347848
11825.726619544965
12076.3537613251
12308.354690540627
12592.360626561616
12750.686418381267
12992.230765850218
13281.171654656195
13563.513626608861
13863.323264146458
14017.473945856796
14255.750010910697
14519.754735600118
14824.679517682544
15131.130194090965
15437.64002172079
15744.213865331341
16050.873539406552
16358.393251031812
16661.52145787035
16967.683450228596
17254.0280691327
17488.096396341607
17774.70203930848
18081.24902532274
18386.377132288962
18519.798061078996
18759.212713837962
18902.795853434392
19049.345452875063
19166.360388820256
19457.993706261022
19725.96154694804
19881.79489259803
20136.32932078715
20411.875411240653
20660.898905209735
20907.931248365312
21052.71798745775
21294.581320719033
21454.882607883443
21624.029186027656
21931.683295626543
22238.736786848247
22545.70979765214
22852.590032145436
23160.782896849494
23459.174723059095
23727.3335776147
24000.753704814848
24294.10821359755
24599.51464460053
24905.8384301103
25212.219341679633
25518.235425835854
25823.888318092104
26129.22867112987
26425.52969024285
26703.31922244046
26993.682811495924
27299.383302758037
27605.519716143022
27902.65550987593
28152.18211176056
28367.2123183497
28574.984976124477
28800.816482417278
29032.340292110057
29270.54727563501
29503.803727091923
29730.36857749493
29952.164042137454
30173.429817348457
30398.96262892888
30632.138755694872
30866.419745249157
31102.56096303288
31336.01648474688
31551.18405186093
31737.907312038657
31885.938096987153
32016.010161715272
32152.366359286647
32305.66653293303
32470.558869757602
32646.86430328719
32818.50457623364
32977.36473070353
33126.92648480614
33274.60777623846
33427.211104204056
33583.40665932834
33744.00714252896
33905.094550063426
34069.900830399
34204.19584504057
34328.145879115116
34470.66651643814
34620.558194686455
34769.20736486053
34912.57589964767
35056.95844181956
35200.269301856286
35342.954724347765
35484.39276287942
35622.56953293905
35752.383551501494
35879.1859993585
36010.35000257801
36147.758768956075
36288.48314123628
36434.83340318143
36575.29619353787
36710.87205632356
36849.72201121121
36992.61828101152
37132.14651403841
37273.657577168815
37418.832607168224
37563.5195583402
37704.33744544897
37845.39237648566
37988.440915533356
38137.81260167992
38284.48870027658
38422.91873385047
38564.15191243161
38717.96821115697
38872.44928858109
39038.02869634187
39196.803294168414
39350.21710949573
39496.056992309415
39634.531586498575
39780.35827429492
39927.55048212432
40069.94766319901
40213.14532149331
40327.14240068321
40426.310683001175
40518.840236992255
40590.87498124614
40672.18449487132
40761.92037489391
40831.46072532998
40894.29210736662
40956.28525014368
41006.13966972357
41044.03760265233
41087.863396300374
41148.80394530788
41190.54890496605
41222.21873742277
41245.31254736718
41271.08412203194
