82.16597795857055
82.6864138921371
81.16187137932617
78.10436321606053
76.32703366068296
76.24736309609649
76.25302872784282
76.39859679625145
76.13820271266474
74.9926599470932
73.60388007978348
73.0547983868226
72.9820172104239
72.35974722457814
72.21790887040214
71.27465601983535
69.86393337551024
69.21891406487782
68.91827188207145
66.98415133587967
62.84823446943601
62.020186020924186
61.788904156721436
64.23399602939566
63.542173661580115
58.826809865524055
57.97806727702986
56.013372368454355
55.231783709602766
55.64393408888539
54.860259188977444
54.85658038545908
55.00924722369787
55.17322436624227
55.078407370587314
55.11115867342756
55.20519815803473
55.409503881718344
55.97884605165995
56.044243202604356
55.95546050928527
56.48179469065526
55.94561793073496
56.011957746012804
55.955197721338756
54.926270099854676
54.88619029854894
54.885664421363096
54.763967404591355
54.75544254343563
54.76463193695074
52.80787215233307
52.3924016536185
49.719204064251144
47.2226722434858
46.724434336520346
45.777319906346044
45.74512012598523
44.59007764217462
44.47762838897639
39.84768430671273
37.56144971275715
37.4067533837748
37.42059965385558
37.45238981934961
36.698022798345406
36.96071845793365
36.79922153334198
36.69818624395413
36.65994683924328
36.602498215054595
36.21021186241457
36.1175893670028
36.134463183867794
36.28501252308209
36.66919581286281
36.48608534864669
35.80502541267888
34.82704321428938
35.316125547797114
35.0039240404726
34.82245997018598
34.731078189566404
34.80235366505206
34.94218329226083
29.557513868792597
29.406597035680743
29.281154753877654
29.27316364564525
29.231690864148668
28.933710946561046
28.954899081241983
28.635288668484947
28.641908785420238
28.598932335859576
28.599046184586086
28.601615221230837
28.60203497171451
28.79277260885212
28.80205705329421
28.739585894681973
28.7316526422849
28.716162838015766
28.715202747059767
28.79588566821425
28.557033036710674
28.548896826162235
28.5502657228876
28.541251220923172
28.536844167303634
28.536657305321953
28.58142057822381
28.560882900635296
28.562364210963274
28.58733717598566
28.55855722541941
28.552583012296346
28.54857745269356
28.54830976763315
28.548300739867845
28.537012484260096
28.494735645082983
28.485792741009803
28.48568323184695
28.48514803102686
28.487149480465394
28.489483659550626
28.484136069669137
28.468271413774865
28.465503868597892
28.463840146927836
28.4525858299337
28.515888020151383
28.526657837655485
28.48877769632863
27.327138478335364
26.47673541123353
26.492229063453664
26.49584924744847
26.531144230130298
26.53785745164237
26.53892384444068
26.53744379874671
26.525284369322115
26.519415414422106
26.514210080835664
26.510614482791315
26.513238017633483
26.507990778878675
26.500344758500077
26.512235060604297
25.26374131230049
23.947840935370596
24.088520361778304
24.108885767894662
23.783284101893543
23.36496625662559
23.367483303653003
23.330493013418945
22.471611231341964
22.436815672408983
22.36820342771919
22.360366660410087
22.356816637211878
22.35546473925738
22.321532552232437
22.32066864707964
22.305060136078747
22.298282749591284
22.289767224674083
22.288517582460237
21.89747061857018
20.406457571343655
20.11588691020768
20.120845222247823
20.131953910823814
20.07305658311495
19.97258394485668
19.96596381372845
19.963166474751922
19.958892897373662
19.94277041252885
19.914042196867413
19.88288899449347
19.881765211560307
19.88323188016506
19.883527031880433
19.893477159183732
19.82258000239708
19.890347261176093
19.851766990293562
19.871480414445127
19.288159663147812
19.463818857138566
19.43377483374155
19.26380322034023
19.413074154453046
18.176253639932852
18.133862211007514
18.128345254335173
