-3.1891392197845327
149.82494011101352
200.09148935983302
350.31381432787634
504.6637139821779
758.2546903836405
1031.2044482002116
1274.3453409220187
1571.1149935902818
1834.9033627068948
2132.5926351207704
2375.3249659578014
2649.7902366855837
2883.4387736569934
3110.406652036454
3402.9523073390187
3557.2475924716096
3775.5984301694984
3915.4291181843937
4056.3872160441615
4307.938847979082
4531.457789223182
4802.351210648969
5035.682208580188
5319.878073504681
5552.186608856194
5837.769679576772
6095.138689881336
6326.436909044417
6532.855635399192
6655.583922440081
6915.4097239792745
7161.807014545854
7387.5157161216575
7596.8049706293905
7850.968904408686
8057.655663924627
8334.303437014054
8614.721605725119
8879.807828249337
9105.379391099943
9304.34376111194
9492.264432912438
9621.382688294641
9777.776282816603
9917.70440763161
10146.451520125642
10419.890941485206
10702.116186521389
10946.344643488335
11232.417060552643
11531.392975915149
11818.97653631754
12089.917859104495
12346.348520832305
12609.376707806385
12770.953831861487
12924.645973389162
13079.60853081155
13312.29598516609
13418.900231621385
13623.15595428914
13706.991834094413
13848.082913778515
14069.120168781557
14310.20063260941
14492.057372442472
14770.819746460946
15071.376120546845
15225.194839479565
15367.99519929987
15658.789542048491
15958.155419419181
16207.37172185115
16395.520699942696
16598.609586489827
16836.107671569534
16975.929452548567
17116.01551176634
17373.068618145615
17652.268693309954
17917.819822802398
18065.91991137198
18220.01779054917
18462.33658763553
18624.90101967346
18916.106728923187
19214.566694136116
19508.95540942168
19806.453174954197
19941.949277904092
20147.53692448275
20256.50560599109
20431.06549653186
20572.88587413861
20724.256316925323
20936.768917350437
21025.696164313867
21072.378759883497
21205.739452059108
21364.796328877448
21359.859484200508
21418.886885933753
21414.89308401854
21447.181168764368
21468.606304795245
21513.82511097465
21559.591372666167
21695.153923705177
21808.495542339217
21909.52051539306
21938.439471200316
22029.483178374972
22151.62708611006
22280.18573673024
22419.062686178644
22676.27559623987
22855.738287228553
23144.813654338825
23367.259425277294
23456.149347008643
23704.696457857037
23843.617710586106
24142.38079795084
24409.83832206901
24540.342565714047
24675.234206132205
24839.54709659851
25087.744779023957
25262.512744204207
25358.280502185124
25449.45662705644
25551.27754541952
25573.842156572624
25692.789080314815
25796.97717743335
25946.6843536299
26224.114870970352
26460.84942745793
26646.64507211347
26764.969648224698
26876.291080177398
27008.872178713962
27143.55976683872
27233.32794703079
27273.47502125894
27350.50158006017
27409.136356630086
27508.432057505986
27571.11693202003
27669.44550776397
27760.54860440825
27855.503088787285
27992.9634073314
28101.18420839986
28214.423227221632
28239.356270536216
28301.95844846054
28380.047123808912
28473.049362529524
28501.83832559746
28530.594985031352
28592.07797359485
28670.7006236135
28687.797750151156
28743.446222696217
28958.745211587608
29109.706333066726
29253.599371889086
29464.160455085548
29633.76064908144
29758.008178910917
30027.497726535083
30293.308335696296
30436.331646991704
30561.01616401071
30807.317942083613
30981.60913189038
31136.176024945198
31277.39256860801
31384.541012163518
31537.94922967993
31717.77276770233
31801.7617226346
31923.804448212883
32029.850715831035
32110.887684826936
32235.339316505855
32297.235634798944
32397.38450721432
32443.804193039905
32470.046955063575
32607.69529455346
32761.458006438726
32859.02302128184
33045.00558316502
33061.16661407801
33076.64041361232
33162.73725503925
33223.63591936146
