8.712756864206867
173.1478149248589
469.3902462529474
698.2507538797399
985.1664338401915
1237.9569362550822
1500.1099773981648
1790.2976397796904
2080.5863525181994
2372.911776856392
2668.5206680704387
2891.605433261595
3179.4294251145766
3431.773383754112
3721.236176960147
3972.7264275313887
4261.800179401036
4514.526438671468
4802.962729457597
5052.373287809205
5318.184244244985
5608.565329134733
5860.975855394917
6150.345198743278
6302.2725109696
6413.699291402307
6536.565066996064
6676.401137978632
6949.046929724568
7235.94798058878
7487.581529908129
7776.771845053377
8005.598758345523
8286.043333244545
8438.542904896567
8658.793665185201
8798.885433200754
8915.801476237151
9186.473110681709
9255.857226138154
9325.817221650901
9433.148755982633
9627.460349950718
9901.726133536511
10194.479841617866
10451.031506670137
10740.519491229243
10992.200254811773
11281.619486441736
11533.707676879196
11822.597082913853
12117.484363953517
12371.0264266692
12660.062453578901
12962.746537164605
13264.286606891821
13562.931365295812
13847.068225703912
14075.995005356112
14287.722869956187
14575.869712655562
14871.293111029934
15167.85973807741
15464.391586308964
15769.764518834036
16071.093405997444
16361.56380378535
16653.13708144682
16941.530946010043
17235.826621147862
17520.45019391248
17786.665094415057
17865.944291618554
18115.685736011455
18354.438843718926
18588.080937524395
18774.919914311497
19053.03088778625
19348.83930865845
19654.02939938211
19953.08484860647
20249.830637620053
20546.395937140842
20842.761643018333
21138.972063257108
21435.07909629717
21731.14201542141
22027.218727458163
22330.62707759568
22628.819502664486
22933.32103462537
23227.94208267633
23518.827104414835
23807.907896352353
24096.08758546408
24383.042579699042
24669.11548453101
24955.48683291933
25238.14041052043
25493.788148747895
25683.238754033275
25805.972446322085
26007.56061746811
26152.449098151406
26397.825819192316
26597.11386795855
26800.87918501307
26956.228180158374
27079.521364661094
27211.53609767163
27341.68434533832
27469.515822631492
27594.154479285222
27716.960080428526
27836.186527506776
27950.8837601041
28051.659154357887
28120.566059388137
28186.16934398959
28272.3511451001
28347.945765096945
28420.71165991907
28480.422723343
28586.363389803966
28644.436046278566
28671.629901147244
28701.713601138108
28729.17104604671
28756.517590945998
28788.727398755927
28831.7198799584
28881.421208727133
28926.872986425675
28973.502247364493
29033.775990196275
29091.030849887058
29142.079958139315
29184.482442353714
29232.366503022142
29275.53985938571
29324.400022496917
29393.152342325622
29471.75168592603
29551.191308782483
29628.12841994404
29698.27197927337
29761.139280823063
29817.37415556315
29862.32170426596
29890.38030423224
29907.266381664966
29922.573096230437
29941.578679013375
29962.329246089274
29983.587778688743
30006.298084578677
30035.320252288522
30061.82940172967
30078.75415704919
30093.11200766373
30117.5452070382
30153.11677511759
30194.31107463772
30236.84152805883
30278.733829821253
30314.64520597145
30339.148660954306
30362.83862030371
30380.891226008433
30398.09480386655
30419.51341502248
30444.93068616711
30480.297529460877
30507.294932426103
30528.979724709654
30549.676255276387
30569.03946612119
30586.06174211555
30604.851198677716
30627.752064824836
30654.69879202284
30683.644073033513
30708.945265526625
30724.401745454095
30743.902874485688
30756.65444697218
30768.936816488407
30783.084510711575
30801.081746074346
30820.622441706375
30839.468557696637
30856.936581500056
30871.33086551908
30882.138521360033
30892.621127022532
30905.799410252603
30922.59091907401
30941.570447571085
30959.592990065463
30972.526018743072
