79.00685795093895
79.00770130303646
79.01881550784229
79.52143621164369
79.10252861862308
79.43094935694069
79.32006166415367
79.60916048477753
79.69008332917026
79.63608242816231
79.33580965794512
77.64515396097404
75.9582189987545
75.3458875399576
75.34337976813495
74.8249448399182
75.19932823294415
75.11333453535562
75.1004199382537
75.08864876922065
75.09834850738592
75.09231782253708
75.04576679753977
75.05275654358596
75.00840167355105
72.09173285356135
71.43406729722432
71.39833754020175
71.40004671682208
71.50936118996395
71.63430335224707
71.27115830305684
71.21248901159952
71.13114464640125
71.18246844849067
71.23638416573586
71.09571435038814
71.10930496684298
71.06863065761432
70.96486954710886
70.95720264245952
70.9388619086187
70.93040408726283
70.98747069867271
70.97558127367141
71.03738644758347
69.8814041267067
70.08788638862129
70.2780288962455
68.6695817194649
68.47301273992163
68.43611560603966
68.20591961929529
68.12330129771534
68.12449571984041
68.05582571316523
67.75361967089576
67.70851750164492
67.27488675781001
67.22377315924776
67.2363620018549
67.46387085232685
67.46799430378066
67.78131779647582
67.84372973273177
67.99431398282154
67.91848007080748
68.65313730572902
68.22176218082154
68.1586215650671
68.19080324732214
68.2289182020128
68.23761016306982
68.22930878660574
68.12280925890411
68.10138046905072
68.05601897158468
68.02085495240378
67.97726411272126
68.0014988192414
67.41900703273522
67.05046225778105
67.0250516187089
66.98677918202523
67.04438293804986
67.09961043649896
67.09798884724573
67.10215009725964
67.0921003321432
67.05099857868194
66.46240516520001
66.4698781955129
65.09221727227207
64.80687105717764
64.8150344356359
64.07940396468422
62.02948738405571
62.32573963108771
61.701099011727784
61.52828839164737
61.51648092245857
61.511257744312594
61.51156471921308
61.51568263387367
61.515780256517964
61.51719211617729
61.50941307504906
61.56338380753695
61.586312787478164
61.61065945316392
61.577272683262805
61.487101085586744
61.45375659221723
61.417029205349344
61.351753809361384
61.34669619682837
61.34180395373258
61.34239773064408
61.34274480175516
61.34353257078133
61.3434807452563
61.34003488762566
61.33960466792174
61.3400733639017
61.33270767971545
61.31724426834684
61.31531734550994
61.31473272898955
61.31087739598208
61.301109210228084
61.293730642910525
61.29129145431741
61.28962266992525
61.28875143679352
61.288997243642015
61.289009602998334
61.28934571464398
61.28924931864548
61.28907526537168
61.283058300482544
61.27430503090567
61.25974310911745
61.2311784648876
61.22954671321934
61.22932285802531
61.12823906568755
60.70452595027142
60.70380671304077
60.705676788279
60.70574561039797
60.7053642590751
60.705128406674376
60.70514707031959
60.70515944702506
60.704335646224905
60.704011754669416
60.70135759773223
60.699037075840735
60.69894479012737
60.69904457927322
60.70005520668351
60.69783757960389
60.5182093568983
60.43253525797098
60.43421378233812
60.43477486069642
60.43276918954932
60.43278408976309
60.43277796837233
60.43283591859005
60.43272593849142
60.431821529322676
60.43156618252396
60.42761545245986
60.43006859329048
60.4376184067805
60.438185711616576
60.43803600442926
60.43247128368518
60.38323452364204
60.37996409570074
60.380667416267585
60.38135648934238
60.3802517863401
60.38029800692107
60.38038245858803
60.38037190357782
60.38035914399223
60.38034793304887
60.38036064455915
60.37994873251926
60.38341573795333
60.38563016031363
60.385572692609934
60.38519258637267
60.379588344580206
60.368119445677046
60.36787147774962
60.36792877274466
60.367482747725525
