-23.80078761696385
-31.990358507965468
-26.796484740698887
-32.64648373768301
-77.37479060909921
-118.5504743849377
-158.84374512736042
-183.21362009773912
-169.29846633805218
-143.74807463398972
-126.99383947483538
-147.47144799594372
-175.59939187128998
-209.03955079353844
-213.52525778549708
-195.82645841674378
-184.70958359979429
-154.35648382570312
-125.11099810384636
-129.16085717803077
-165.25789706592798
-199.49023500390877
-231.18705400244727
-268.0397781303502
-277.05849769859515
-255.319073001648
-258.9779044898375
-249.55659897963565
-233.77699597254548
-212.05433925218531
-227.94527760537628
-262.99667049554796
-271.8802107596174
-275.2389024843806
-284.6213427677311
-298.3264383673104
-293.87070833504987
-262.6523966443654
-273.6867409158654
-334.836847725181
-383.24787615501236
-389.49385015852624
-366.414874379876
-345.61800538810746
-319.7900193322779
-309.9548049266797
-351.91598398162927
-381.4768424909827
-407.95903038893437
-429.0826991197529
-436.5235336168094
-441.49692462442687
-461.75962484306007
-499.88736249992724
-542.583955576192
-541.3149559712368
-532.0746422178532
-536.8744792338322
-558.5669218764438
-609.885020023165
-640.4962614302572
-655.746913687997
-658.7041400115681
-692.8102409267244
-713.2547498001551
-717.415836053963
-739.9309386204365
-735.0931893092844
-741.4175127702318
-736.8851358463806
-726.6448475204778
-697.6018042282876
-650.8535261046136
-621.3497231745322
-623.04926053877
-642.1299066675532
-657.7276449690589
-637.500148277971
-605.3059551343425
-584.7315686553912
-561.4545472447505
-502.2132671552731
-463.9956463192095
-450.2184339639863
-401.25069546747153
-382.29219095773
-385.4688338666974
-398.6205173048797
-401.5442798480615
-403.94947513340713
-403.3077985033415
-425.75069434817266
-441.1478538973335
-438.13089576687133
-440.7855788537053
-449.5077364472584
-482.00631660971413
-518.9055308120148
-535.9483559412143
-557.8615543724618
-557.100843377644
-578.3625990350143
-632.7950390181268
-649.9028991775099
-667.950200059468
-677.4504092316109
-702.6669196531395
-730.8488526373695
-743.5552640624795
-738.0085901883235
-724.8334690689143
-723.2427703204804
-725.9892356128667
-716.0287478166794
-698.4655299355479
-684.7523786764457
-674.1839937060078
-647.6730844892062
-590.050076588063
-586.1961010110451
-575.4919955893265
-604.5215994147851
-623.3460074328668
-626.0460075172709
-670.2348694488365
-673.498921793707
-694.6768520349847
-743.6315076246376
-781.6039399878209
-819.1376387506363
-859.0898825319013
-873.759371874387
-890.1544055541282
-899.2200225545682
-926.6449018715248
-967.9858375802996
-997.9322906347601
-1007.933917427352
-1024.734272608385
-1064.399454132727
-1063.8748310244027
-1059.5872404193656
-1069.692245492464
-1086.9888496101203
-1085.6857665537316
-1091.9282928742607
-1110.490904622236
-1142.6751666902148
-1179.479915538802
-1239.943623810092
-1286.4599075450674
-1318.9879409866994
-1332.4660658289747
-1352.0883779539502
-1370.6101778538866
-1390.8282233654286
-1414.0888862411985
-1437.06049387365
-1447.6286752982498
-1438.7282489855372
-1431.3215304751063
-1424.6527078768918
-1435.8258404876447
-1457.4783748931472
-1469.5467142096861
-1491.5913115233468
-1504.457093807777
-1514.861113018094
-1527.7909093998014
-1522.2382106369819
-1519.3324969968353
-1531.3981458178869
-1549.3991326463479
-1536.610295867237
-1528.356583445345
-1532.9641174085255
-1530.6666937985317
-1518.4890527782545
-1517.943003948044
-1518.3720853145674
-1517.2334824752973
-1519.369127272122
-1536.8314838505125
-1557.2171184311792
-1580.8616995330483
-1605.222513844943
-1607.8820330019748
-1612.037512338544
-1614.016649035922
-1619.3607921783912
-1633.2259797436145
-1654.9744876852687
-1654.8209330303164
-1655.7746298963486
-1668.0510490843476
-1703.8374772785992
-1712.3778387974257
-1724.6008530585377
-1756.2639861883374
-1813.0559570614128
