82.16597795857055
82.66008894894307
83.12412434689709
81.78064871823616
79.69953802055281
78.64432807132638
78.6788266213311
75.77541348180296
74.562200248664
74.29848221024785
73.9645121615792
73.97548100772482
74.22295714887755
73.78637779127412
73.80021909374541
73.26150619045946
73.42296331478036
73.32526461525671
73.07896055141985
73.1262720675216
72.20116543567144
69.29092265451389
69.36262945027859
69.33406326968093
67.69165958804444
67.05831522643729
67.1405942138281
66.802589196925
65.5923247498195
59.9705797073389
60.07824642484049
60.169591467800146
59.83952895848295
59.80386749450727
59.7761567008506
58.37264520049966
58.139449726310396
58.81955802761314
58.48642742987249
58.47791925084777
61.14275375194533
57.8137134071404
58.110008722159776
58.048139326060735
57.03075869039854
56.99074802606297
57.09112799106018
55.396500680817844
55.22127953593992
54.63382712590009
54.56276828353245
54.35842043264598
54.36605570781742
54.59835032993118
54.088369897521325
54.07558007309679
54.09478706960639
53.97312239336885
49.78096257469471
49.711996806944526
49.71418953383316
51.52059503422668
51.31341925294233
45.4960581966203
45.4371442107566
45.38389269472249
44.724194693962914
43.982647356499264
43.718887077323004
43.50844441119668
43.39037888350724
43.387509980308685
43.11933189956536
43.08071308735376
43.077718441448866
43.07132913077869
43.070077057499496
43.06951945850518
43.069518159311016
43.0781376567704
43.205941879156235
44.10050430546623
42.56035173269378
41.065102596495656
40.63513285452279
40.62132759446076
40.71206721739193
40.71758253715818
40.67635996502618
40.41199730564169
40.806691622882965
40.820147821146115
40.81979242029538
39.79304453903244
39.85840900076007
40.03755648555746
40.194841834702714
39.84404834202075
40.12043496388127
42.1628486463784
40.45513541177445
40.58691935494037
40.22250416554403
40.21284385668442
40.50404191986225
40.50720042041659
40.50715339184438
40.12999017031371
40.051743354097894
40.05030111896232
38.5779752262155
38.623337037985436
39.14015176787622
39.06485677679073
35.275667500021406
35.236677716246156
35.16306674372581
35.21749415581583
35.965009427505976
35.985710224601014
34.63477026738358
29.030956887615666
28.95850531815212
25.74843028934155
25.714243538420128
25.406996351769077
25.214890941132886
25.214235631461126
25.186504193809807
25.002731372001406
24.99897633710141
24.99886437124781
25.08120387844771
25.127663500034604
25.128699210215167
25.091165670470208
25.091701036918472
25.091652530683124
25.091651265519918
25.08536020396792
25.085244786249955
25.02409203394453
25.028652572851307
22.548582402287806
19.818237194864682
19.542359270584903
19.585951488475214
18.523483898010983
18.969477572518553
19.147391201079373
19.08742749245514
19.04343392465041
18.936860329368198
18.938274974054917
18.93229532150452
18.74169022542165
18.400788459340315
18.394553220793224
18.345344126247824
18.374746364144013
18.22043623360392
18.3800194623259
18.387943983711406
18.279625336417368
18.23438600936061
18.224931733127157
18.224736404065922
18.26147255193266
18.2623743102214
18.24069907383416
18.383590757048708
18.33524506064839
18.176812006457254
18.17298283304903
18.17213254916653
18.170839953767974
18.166234507114126
18.168760631069887
18.15376405963154
18.15262226361335
18.130397606564824
18.12951947128828
18.093839055425303
18.09357321989943
18.096170015066853
18.191890169288502
18.196128385797618
18.25208986225843
18.254764417917574
18.256367281095134
18.244837943856524
18.2430120200418
18.242165005175316
18.24361999735395
18.230308945615207
18.229912478125577
18.23124785689376
18.231869145388515
18.232228989753445
18.232221715335328
