-3.4872849589914843
161.38539785325182
328.9583935111415
468.19069838887356
619.0381583276096
892.4530111557488
1186.61357285315
1492.5243069274738
1819.334444442537
2108.0329507340916
2394.051500812687
2686.0331560731943
2985.84028561902
3151.8896362706237
3319.7684958457194
3626.9263367672415
3930.8094208709485
4234.377494073179
4517.943893275272
4802.7881573972745
5099.441270964861
5402.153734035914
5711.584497025939
6018.861724974005
6300.876197327036
6533.48476642158
6804.751404957492
7115.645054356159
7405.076153240759
7689.047739935387
7948.6315172415825
8148.580597140301
8292.867069103377
8376.701909330919
8599.716001645726
8898.507176183233
9147.500519642777
9419.005449167507
9708.983685340383
9967.000859679987
10217.691217822256
10479.793040724693
10660.929123608164
10802.64981440903
11066.581221068262
11301.60309827663
11505.271501677431
11646.08003281868
11828.008600311305
11995.371184699303
12179.903302091918
12367.27322555565
12544.566092398929
12874.970666023779
13057.659956367013
13338.598914203472
13522.682347452594
13731.26414805334
13960.801745630046
14200.977210894578
14418.983064355929
14580.18632649343
14738.343509696877
14895.007578388933
15046.787907267584
15311.65005888577
15545.45601723225
15804.363864559951
15935.780167376892
16129.122489113684
16362.0551494483
16584.252819571473
16762.980272871293
16972.528395373043
17182.947248021293
17402.690832017794
17669.925820586446
17942.4313539633
18081.127704303974
18230.127199031253
18388.877271578247
18551.995846374914
18695.477733446118
18703.675198634697
18858.11239521611
19173.316310396094
19433.93994602557
19602.20474053213
19761.8598711508
19924.05109448443
20204.43628425396
20368.66551455156
20542.952131586317
20829.906185624823
21117.64387339597
21411.9714873909
21703.05605493753
21949.7557469654
22150.813636492887
22381.68829604651
22539.420152711966
22796.521455520084
23078.750656270022
23235.64021829627
23345.2868875273
23475.198546994503
23507.761547907652
23587.02371710651
23711.928874306002
23810.78374343792
23978.100675894693
24068.53832647182
24232.237371546693
24345.145902322027
24482.588392539597
24592.92730251296
24673.513534347534
24737.168605879604
24886.52068929521
25008.93337117397
25196.25924906181
25410.46208455801
25527.834350573674
25632.06712913249
25665.965969342007
25775.49911143722
25803.62861943269
25872.836638187247
25956.327081789754
26055.352089336284
26200.279472058828
26234.090048605998
26337.462586239515
26482.42617492871
26485.710151051946
26700.852736450895
26848.254048148512
26992.37150963197
27084.37043495551
27219.507974032294
27348.904485719424
27497.345102152056
27536.89656147891
27583.698861205987
27810.883608447995
27824.711035844815
27983.52646325278
28275.635571054416
28575.156620265654
28732.686913546448
28852.609017544797
28944.499009241907
29102.17247208505
29365.976228414318
29602.1038681035
29714.96700687895
29835.737581760528
29926.613954632932
30041.451193553075
30153.794043877067
30280.754796141562
30377.66005729653
30517.161751740896
30646.94873620079
30708.822893033004
30781.06315714312
30949.667059258874
31126.538360585924
31268.018818848137
31386.71310624943
31457.396805284014
31482.242338160897
31572.743619184293
31676.641447664442
31721.314130727555
31728.63581606304
31800.658381870187
31894.244454989064
31942.622776632048
32029.84022585696
32125.424711764495
32253.38572705529
32303.546252431042
32352.956530181178
32454.1032733972
32494.024273551706
32527.500485563654
32584.09831488012
32645.841074791097
32709.582730112033
32759.3916907933
32790.722231035004
32805.188198842196
32836.905367933294
32845.17731288031
32891.104836034145
32905.5330409757
32908.451654442004
32948.8387571868
33005.06679923586
