-2.7985987456953687
159.47614079397923
330.5143428358116
476.5149676414669
610.1582301837963
782.9601274818135
1082.075548285511
1368.221561185292
1624.8567903701169
1897.9140725224393
2191.7913917995234
2480.650819376312
2711.024206750689
2961.2864439824943
3257.456071825916
3565.0099140329853
3883.224031955291
4197.449316142447
4515.313234096684
4836.306819409448
5152.461016064693
5464.543973775143
5739.540076469527
5985.2434546711565
6286.006802914449
6598.716218833298
6900.132154560826
7032.565783850864
7194.254226660109
7484.301671660195
7786.397181426301
8104.599128982143
8411.357967177719
8710.658505587802
8963.39269610212
9160.017682158095
9413.242141740773
9698.57538036303
9969.106591736123
10250.650328524076
10507.123554345308
10705.88533737525
10817.70920026958
10901.293971463929
11140.341060592396
11401.744947009793
11583.166816322953
11821.124424547383
12052.614304588547
12347.432428967842
12493.971055319722
12720.372226008612
13011.501105415298
13277.074707886311
13555.561366077223
13711.505015459394
13943.72724298356
14193.275515537991
14491.409380528385
14801.817819360236
15132.47672752326
15433.325902417111
15738.323486043493
16060.892537210071
16375.271076283216
16678.624330442995
16966.39899593292
17201.845427407
17480.034234005776
17779.51101827825
18091.865729187033
18232.100137847574
18479.737396966077
18628.019142640824
18776.62474204413
18892.960204688767
19177.058124474115
19432.73488723291
19576.236186300437
19821.367523840763
20105.814297843557
20352.924074261235
20599.933015217815
20741.05326811605
20970.815039457924
21117.216149295848
21277.908251469515
21583.840908595597
21893.17845673772
22209.573486967052
22526.327019770495
22827.723703398216
23115.879348707625
23386.368223125435
23669.889081217938
23958.41100874073
24254.195879930845
24556.650023266648
24852.714035197703
25149.991032812344
25448.27866859993
25749.72839145269
26044.93116429213
26323.41873338187
26617.00893586843
26920.81186216762
27236.795047011856
27533.61009224195
27776.78064404265
27981.15836249508
28195.296543635046
28428.3039999846
28655.225759730754
28889.150410401217
29116.9975902527
29338.820967000745
29557.20615495381
29775.144384073
29997.104250466167
30228.86214286038
30464.86063608706
30699.02340510566
30936.26720773596
31156.955317971268
31337.01341946999
31471.746321887582
31597.392035258574
31745.500526685115
31900.570424150534
32061.51613492276
32234.79625461283
32405.092333064116
32566.960890267586
32715.253104123072
32858.16816463049
33006.971964686345
33161.15593328336
33319.26891309586
33479.96417734835
33650.95357829466
33778.151389230225
33885.94906295303
34018.71563313209
34178.97977069669
34334.342791808675
34476.32879767796
34618.02362570663
34760.87308451718
34909.85297200267
35053.8556666578
35187.67400166477
35310.1108728607
35430.64830887152
35557.34384666216
35690.331483693844
35834.07700748391
35979.25386693829
36106.7516233732
36229.02674342454
36373.363864411804
36525.22279566919
36665.64903547867
36804.363101065406
36949.20549706469
37100.56091508839
37247.39516518465
37385.1776010958
37516.61488464567
37651.84428792865
37786.981324941786
37917.43691648094
38056.33419686905
38210.340901040174
38362.3844615941
38526.424622612714
38690.476856459674
38847.04036592418
38990.69388082169
39125.961570337226
39272.4004484347
39426.396403443134
39579.45475969179
39731.14016126761
39845.657762080256
39937.253147439464
40018.029016316446
40078.46510948564
40150.47690891509
40235.02587875331
40304.07943772328
40368.29308755712
40431.5580542072
40485.33615970828
40530.08026689884
40579.16034595055
40640.93095720035
40681.064994311295
40713.915399963116
40743.95957185409
40780.27765942483
