8.701441696521114
165.1874831526962
446.8976373217421
699.2615507527718
973.7891510978051
1256.2890320791635
1511.434726409205
1765.6946997091816
2015.1549598881804
2281.854565728907
2564.319372224848
2847.697550901933
3103.2459679398057
3359.1748639742873
3638.338110496328
3920.19593051695
4156.916277121878
4403.618668254538
4654.562589068473
4929.990560675607
5210.561934535621
5467.736636105032
5733.208324775525
5986.029605333819
6192.309642379153
6408.68571804007
6522.959330708013
6771.897794457576
7021.990420628098
7264.588525534494
7525.629244562696
7737.674198810738
7913.116619731412
8161.766277334849
8439.045838497099
8715.165623126084
8998.184231531573
9282.00490813458
9574.121306969635
9844.760391626738
10082.389386352092
10316.196944220901
10563.458468687515
10733.747957813965
10962.251401286887
11204.463974168028
11358.439909392466
11462.639597181827
11635.653639383665
11841.268666348456
12027.716721995313
12278.034478284886
12549.028274940278
12841.842172828881
13126.290655867853
13395.688043823493
13673.712157263904
13951.734104705327
14242.885886194126
14522.924496423713
14801.89619174607
15083.431271588091
15365.86482627364
15648.905046279178
15932.30014063132
16213.21498747247
16479.11250460593
16638.75086731052
16842.59641932111
17094.02822786975
17362.304367348264
17634.98098029678
17748.394692668946
17912.17774293237
18097.63618951385
18268.248984752532
18409.90316422252
18548.952580380217
18662.316121445267
18778.074674769316
18868.908256249983
18996.743491520978
19162.342893605608
19300.48615150425
19478.32548901861
19683.598077167215
19869.030033595056
20006.217834960702
20142.24355994697
20344.389235462386
20466.163203954293
20593.792294218758
20764.47147643026
20824.448340724717
20939.30175934966
21102.033895677752
21272.887851572523
21333.68105772932
21539.465391749924
21760.148745523573
21965.719753349702
22102.300518449858
22193.32177542345
22250.368797237956
22335.742227393042
22408.704670850027
22501.096515963556
22551.095939051964
22657.11539622405
22775.148203927864
22921.355477519257
23032.74586829943
23216.42390734536
23349.67471070588
23503.542134574298
23569.655775078954
23608.784304569006
23649.638180877002
23687.617301903378
23772.665529812322
23900.104079886223
23993.387184309024
24031.105685606828
24044.946952199465
24066.897686856224
24132.411011639968
24172.252492128344
24201.268417818745
24279.29958939463
24338.84500742905
24455.165211446118
24521.621969342857
24547.59821141776
24574.127993971157
24618.655176455
24655.272315748694
24713.011244655878
24774.425296421705
24806.293073193956
24830.410018807175
24853.706760099372
24893.768205139535
24961.747757071815
25040.88035118641
25066.958881167648
25107.82462374686
25213.372730786938
25286.07548438519
25430.801379319433
25658.683584512535
25870.9043032012
26035.51185410515
26165.28328667392
26261.14373297413
26291.628257126817
26377.993580533574
26512.777814911668
26603.82853331873
26657.578268304413
26794.10873925746
26873.58858373931
26893.96347522416
26918.50770466257
27007.50681107368
27101.183196495596
27208.956276782203
27427.306110959566
27547.29153166598
27693.185250535
27909.825911827913
28149.71465535996
28299.23118624163
28413.813888100394
28491.530802757625
28574.66553300725
28647.787171030654
28792.30902597481
29061.498739606217
29217.777234083478
29236.53973860267
29383.632960883147
29514.989567853627
29576.706513277757
29718.287997134987
29821.433450833334
29956.82353290466
30099.32751142487
30196.547906545497
30295.65810225912
30389.64415589544
30497.388001915086
30579.451836625667
30677.600236312635
30800.327891860394
31034.310376393056
31161.754618110488
31320.076794385852
31566.169144911863
31696.89756685429
31906.64983105814
