8.690649232336343
151.25191120292237
288.9954224306543
563.7078004535172
832.9874221483432
1092.125704524466
1367.65501906317
1641.8688396761536
1917.0867780032079
2192.308938200181
2467.5615935605824
2742.8155101597613
3017.4743274817847
3292.628144609218
3567.2570415414775
3839.3663909179845
4097.155203063121
4359.727311373323
4615.680292453445
4889.007476352591
5163.545913060062
5438.663990577161
5713.281432075913
5985.349828478003
6243.134244261024
6505.239948479471
6753.299321613171
6922.868654851111
7110.513760170628
7255.98903844652
7502.838919971491
7763.348300976554
8017.956031501457
8278.35708938377
8534.578288985069
8798.746888868009
9064.764453417924
9327.250361279956
9557.292089930263
9776.633172581867
9956.585453389798
10124.36854325127
10217.03201206947
10359.531849156414
10481.79516080162
10607.14409527686
10833.063424534916
11094.205408914633
11361.594900383325
11619.084033676063
11871.934477724304
12123.62458218057
12375.141570889664
12626.646530638945
12878.151657322658
13129.656705975523
13381.161674056824
13632.666622427401
13884.171568435857
14135.676514360255
14387.181460280872
14638.686406197798
14910.909539232991
15174.080053583964
15429.756941282461
15682.197073738502
15932.992839602703
16176.203020431438
16414.952583243045
16637.292515787387
16817.23344967193
16955.767945144427
17136.563352583133
17291.044453683735
17380.89561537133
17613.20426982646
17850.691497250387
18095.46782040325
18344.530327138404
18601.03350394219
18855.7081189025
19114.401423048756
19369.759808805396
19622.140697397594
19873.729831181798
20132.84011240576
20388.563588136167
20648.209588156806
20903.91943308205
21163.00722742713
21411.336302699772
21543.24722904439
21779.030473398467
22035.548924179293
22290.022977860506
22538.74109646962
22784.93164765987
23031.573836230422
23254.895127989585
23413.383615578132
23654.45098124732
23892.503252200815
24096.24954732463
24254.40389648184
24340.37453692993
24415.455916145373
24489.96704605216
24550.444201955783
24598.84331094642
24672.912692807513
24749.224993434353
24816.57145824293
24884.056276440886
24949.218045778867
25013.738183916666
25053.57681003772
25103.45202704755
25168.989422789604
25225.83544047128
25268.18795824025
25295.631178697742
25322.23714746199
25350.722033307575
25379.13802189407
25403.401265957196
25425.633068027197
25453.933227665733
25482.16248845572
25508.834649794597
25535.340187570255
25561.795367258994
25588.84237203686
25609.167087213104
25633.792299539527
25660.6108544276
25685.613475957147
25708.68085543973
25727.209547669936
25742.94783095539
25759.172620991252
25775.326806665184
25787.851490701465
25803.23311121089
25819.414442928846
25835.40229681638
25851.119792368063
25866.65001259446
25882.30062234452
25897.756182687983
25910.023192940047
25925.80604303492
25941.511149295708
25956.151585882242
25968.895101953116
25982.520006095623
25997.75974305759
26013.016937180775
26027.744214826405
26038.48892493611
26053.572268212625
26068.788375274224
26083.59147617132
26098.161161321543
26112.787801370592
26127.511157202905
26140.088889486535
26152.249006399175
26167.14777006356
26181.391532896305
26194.763173975043
26205.790475586567
26215.945255377155
26226.49539968361
26237.03510237432
26246.185958878265
26255.297676067312
26265.840940400747
26276.32336614538
26286.543268627294
26296.693869081642
26306.910371016264
26317.17342909822
26325.705320738107
26335.788018330197
26346.08704268848
26355.96980450947
26365.258028579887
26374.351767639342
26383.89010591496
26393.543350809316
26403.111069015526
26410.289155126946
26419.718120654965
26429.35469090729
26438.83661642649
26448.18257492413
26457.434187742074
26466.76719976629
26475.801980385455
26483.09994358287
