-3.4833593328737305
129.22093522577956
257.8986367519823
511.8739343656662
758.2640422344566
1009.8434359014435
1267.735052002709
1532.2681887739802
1815.2200405391202
2096.496775485417
2367.500438884096
2635.7588483585882
2894.5156828534055
3150.564742157171
3413.1423147190894
3682.277451635425
3961.7697585853252
4236.070400010715
4489.286377384864
4756.101805784269
5017.292235197221
5253.159206432042
5506.417874362229
5749.64555227135
5956.202572144295
6144.177284379579
6253.8538682586395
6476.033673068908
6728.110109920146
6979.919228934225
7232.008436667071
7491.638335376022
7726.738460674684
7905.231657210149
8070.249241660782
8328.389843615909
8595.103212219883
8866.499982736284
9135.141641227612
9397.631436137925
9669.229453618209
9880.414928149416
10002.59854717416
10161.64553060454
10387.698484567958
10527.188064073818
10781.539930093202
11046.703790333715
11186.94718960409
11335.945800536174
11482.521611374465
11717.494570756866
11845.509928894551
12034.709599329353
12205.770271756834
12344.120694924823
12404.14247581942
12598.406604760688
12706.649401183784
12705.702369399796
12828.32784477511
12963.080086070087
13105.076870895915
13231.2160591632
13351.313818396904
13470.875937360073
13586.412200771743
13806.93399672797
13927.378568206255
14058.690294884465
14071.769701439349
14198.996533312637
14312.07156889524
14407.865641433058
14485.854782995877
14492.552202782284
14579.962038249712
14585.762819750224
14693.39222475724
14812.121247853964
14944.180840532425
15084.549379456337
15223.381033223248
15351.921632721343
15474.25044993437
15596.75760782068
15722.316512991098
15851.75746267913
15983.407348227482
16111.988347750255
16235.898992256303
16243.543723774072
16381.7570901516
16523.13645885804
16665.227556614303
16809.350249632258
16952.938647855342
17095.73757730791
17251.581973405457
17399.539723910802
17540.01656138735
17670.52794422152
17677.64090238439
17812.339723014476
17948.76808382069
17958.786537393786
18099.194566455506
18240.35124080201
18251.414181328753
18390.681541120408
18527.479154626937
18665.13656203357
18805.90591544003
18944.84766422696
18955.54740806445
19091.291697711098
19225.151371464803
19359.177073333645
19370.14711492081
19510.786420124245
19649.923987599886
19657.665839174253
19783.99525263829
19908.058827080476
20034.46639585805
20162.60676039681
20169.476302690717
20302.044678329505
20445.593294894286
20598.065662214998
20618.66870183765
20777.574708183594
20934.125025867383
20950.61215710244
21095.511890001242
21234.374796534055
21368.30024995075
21378.00795146706
21516.99811054212
21528.939927167663
21662.670148735
21805.194694103728
21951.806481082593
22108.854600739098
22272.116564088075
22429.66494103774
22589.864492022924
22748.293831591338
22905.957513990452
23055.77997488367
23197.514600750073
23474.57596204865
23616.122749811377
23753.33144721716
23992.990816720085
24115.16650881496
24125.559775818674
24228.075559955876
24344.97536492785
24471.998397153275
24595.271901315515
24600.417205685808
24722.288745203197
24848.223246339694
24979.455573750372
24989.523801257543
25131.949255111842
25145.87388298168
25282.013222729664
25410.93578205222
25531.031582359214
25637.738623847043
25652.04171211799
25686.56132048156
25735.499343494714
25839.65900983731
25911.13771256725
25985.374563832636
26009.012140352675
26088.439583958912
26102.25704114488
26211.014368789234
26219.935237917547
26333.329437880522
26454.53948638635
26462.371773013052
26563.10872762246
26649.57285349783
26731.588941235394
26814.22645124285
26823.344858364762
26837.630484162775
26917.364312888574
27025.679771343624
27080.233494684337
27106.593131955895
27110.82374936247
27116.998265226684
27117.59984361955
27151.079538196762
