-2.897170215699166
153.6413693335749
437.4831175475771
644.6206480468318
909.5190070382403
1153.7362051290565
1419.1699151613736
1721.4637291293354
2024.8761053212152
2316.4308611063234
2599.175212629869
2804.806934866834
3072.347982854006
3304.751459009271
3576.0586134145788
3803.4353089357633
4071.5845405008727
4316.874881268348
4598.959931527167
4847.014355730245
5112.129474340195
5398.229794382565
5646.53770237006
5931.790984847929
6078.814554557297
6178.461410763216
6293.421001107568
6432.424289714456
6706.18028456268
6994.928240466777
7251.041370824163
7549.856405944524
7784.317308256454
8061.534684086819
8212.16530875722
8425.504931710282
8559.710354404984
8674.483111360205
8943.036017341865
9012.371741366653
9082.025969019813
9189.791679631979
9386.663079109554
9659.969690201182
9951.274751579482
10200.221075218105
10473.453102488706
10709.448004923806
10994.882975764564
11245.771278292994
11529.444526616513
11832.386934575867
12094.851873275291
12372.260537848535
12662.279023340638
12971.521847831831
13279.987532062045
13583.570981624109
13819.447513255465
14038.132216451313
14326.73407775904
14607.040588531474
14912.119121199446
15227.552737388922
15536.812688869466
15839.506374323395
16135.807087822459
16436.003843466482
16709.500430132117
16970.125082614933
17241.743695485708
17522.118011269966
17611.280612071245
17871.70298248052
18116.7686540177
18344.020983511284
18526.09047338908
18807.06703601564
19108.408464935837
19413.91235525082
19695.600726837532
19986.46687509586
20286.56917337352
20581.286340103055
20866.921763291186
21144.399089871644
21428.248363415245
21721.498403197067
22021.847809605464
22310.074508000387
22601.782758163743
22900.059714921223
23197.26926009724
23484.202048096904
23766.153450881968
24036.81543108291
24310.709945340786
24600.035547236155
24884.166663701628
25130.37119983493
25301.35487339247
25417.814053506267
25616.333281410956
25757.709256312035
25998.55716672676
26183.856118459564
26372.148803522512
26521.027138805697
26648.78678572154
26782.120278517665
26910.577074743902
27027.75803847453
27136.176112500485
27256.179617760863
27378.216802121842
27489.892796367745
27574.178032883094
27628.603011318144
27690.35935037699
27772.47751236231
27844.99767745033
27908.86074803483
27952.545662784672
28049.809604041235
28112.77407131933
28146.302369715257
28175.020041095446
28197.64396894976
28210.30053923475
28228.728485286843
28272.37444452457
28322.544343834656
28359.150396851113
28386.27615618623
28436.459932817197
28489.03306636273
28536.18320398337
28573.993558663016
28607.631608021882
28636.67013051191
28682.3558065382
28758.49635962388
28838.200294792325
28913.56217754208
28978.97777744343
29030.794634326798
29089.549879809012
29151.933813185195
29198.028562552092
29214.068888806523
29213.078422015038
29222.306443475547
29237.082972898752
29254.500798988196
29269.064331528243
29276.184583674403
29294.226081814995
29322.84428785025
29345.580489106116
29358.083900132966
29376.31856409483
29395.506535447195
29421.788956658726
29467.071956108754
29513.81981456928
29546.704690655995
29553.53817527993
29564.494336650845
29578.743513032616
29591.667625617716
29609.971222837263
29625.803421185065
29646.14753414015
29664.930157224477
29690.20820653675
29713.130454890885
29730.20962163907
29737.317131371696
29737.57469859116
29754.50076200632
29788.48934296856
29820.496794323746
29837.104348108915
29833.647700871694
29845.687190857687
29854.80542870216
29863.278233848636
29873.007219472685
29877.364940914013
29882.957606323627
29898.151886796193
29920.417914039102
29935.111620774314
29942.185396960358
29938.481658889097
29935.444643817784
29953.42053154484
29978.482210877784
29995.97368158705
29993.435122386698
