79.00685795093895
79.00768936735199
79.02206056889548
79.49243911711679
79.1058886038911
79.77511989076335
79.5099048474057
80.05052064781052
75.55810092066828
75.05199521517919
74.99049682504138
74.98372821928288
74.95980218249723
74.83378007945313
66.06438279139344
66.0191444459052
64.96362782630467
64.48677654189238
63.8863229705088
63.203440732248175
63.06341059407063
62.980078171495755
63.625391680109786
62.6191733466867
62.58567871087423
62.58174482635993
62.584859582580656
62.62801215442115
62.37368237234581
62.2034980605699
60.13310310555863
54.55896421696447
54.44119403514597
53.534790282087805
51.64960105319526
51.747981472660676
51.5676572239687
51.448264144047435
51.24600143700017
51.251338492829625
51.19361868341014
51.00032995592154
50.75574075428163
50.76300631449467
50.81117616941734
50.8505334090748
50.663301004557
50.695061453243525
50.738451280246956
50.76574483106855
50.613920891914105
50.34559777033432
50.2411824122321
50.359212761466466
50.36371615187138
50.35790119439532
50.363504352908166
50.45134935061603
50.332519882635644
49.27047088029898
49.22755763449366
48.69265127777122
48.127933804480065
47.96963277086415
47.87520419530236
47.89250392959901
47.902703798378724
47.92140553661303
47.736080910924485
47.87177273317529
47.80215804018073
47.830077234263314
47.70385405117317
47.35002982720556
47.34914592197456
46.7934045331144
46.17195748218151
45.15547962742589
45.147252000421055
45.14671667446299
45.139199076393936
46.27610010133335
45.52678081673982
42.55403214868709
41.506707318704585
41.33828254838104
42.18589634156749
41.80068389397518
41.83098977658022
41.87979749076244
41.860904798393406
41.79700636191318
40.20782384553259
39.94444811264957
39.92585911378799
39.89986428799727
39.83356870886055
39.762748203847416
39.76274820376444
39.762748029100194
39.76274802238117
39.76274798268086
39.762776485579664
39.76266661145374
39.7626735244889
39.7626732554079
39.762670832238435
39.76266384659203
39.76266380065717
39.762625708610905
39.762728621213284
39.76312355544865
39.76283981040447
39.76279228396687
39.66555578821323
39.14902698765463
38.54173301149617
39.25238782993455
39.50343760020888
39.33736163954616
39.320156393455186
38.71414185929589
38.43900766160176
38.278266009794734
37.800505089264746
37.76489598045543
37.756767780072714
37.704247085753515
37.70180176413628
37.70899771216059
37.70797055442202
37.7021402001604
37.70875467435294
37.70693540279407
37.706466757950786
37.7057754460685
37.691063270301235
37.68933000119553
37.68745657046736
37.67140620447823
37.66774561494183
37.67781581845653
37.68247233672294
37.67919563673437
37.649669880796054
37.64995128834425
37.64958279044081
37.64952982134838
37.64933771763461
37.64931698958293
37.64723917916442
37.646349314009846
37.640974165489204
37.64043107076973
37.64100758909012
37.65049495548099
37.65754112400406
37.66438991695282
37.67480815578179
37.676967908513014
37.66959789046908
37.667744722125256
37.66810081940141
37.667775423767864
37.6677913335366
37.66776513243351
37.66801631840971
37.66821955486771
37.6681684888097
37.66644526079545
37.666117791772656
37.66394153632544
37.66053841657258
37.657298370190446
37.656879092703626
37.657286420935236
37.65775960438564
37.65474612248207
37.652807589245924
37.652503220279556
37.65265037413324
37.652665047627
37.65264795158202
37.652625768559666
37.65268098804814
37.652591152628666
37.65222526879849
37.65170150111159
37.6513357379827
37.65120276177716
37.65117263148412
37.6512159342011
37.65117120422837
37.65158509754465
37.65182518219653
37.65144569692422
37.651353023361
37.65129681223714
37.651261024503754
37.651257133970596
