8.736670770389921
176.1987166158557
344.17182223275023
484.6291192796255
643.4221523206681
944.1370136337043
1250.5232140073897
1557.248155932893
1863.9218035686677
2136.3187546442846
2422.3903571227925
2727.5993255380595
3034.3473400827966
3199.0177392082933
3367.115696608836
3671.0055065344504
3977.3602740965525
4283.910354886327
4576.995459143039
4874.8765547334015
5181.569590494619
5488.499899951987
5795.371840734404
6102.201335787031
6375.107040660332
6597.414323925563
6858.810528542301
7160.523662058383
7452.053348314366
7747.836230906231
8017.824179537746
8223.319339588936
8371.544224329715
8464.698740310221
8703.122493268165
9003.382915263644
9246.06585513507
9519.96144440977
9817.913243657598
10069.270898058414
10317.94939706439
10599.49100209613
10796.804664433483
10949.428914540542
11227.385849082159
11477.615819003558
11698.793011339745
11852.70800338879
12045.473765263308
12230.407006052123
12425.336949067381
12608.310739178607
12775.11442549681
13081.415169991993
13250.370809905548
13523.990838481805
13709.342772762577
13929.36859039982
14168.691236681565
14408.41679998053
14618.674041262104
14760.538885076588
14906.405231902598
15049.149756137898
15200.96985642868
15460.506807854155
15676.55355006596
15926.117024139292
16058.130594055387
16259.754491587933
16505.119622671962
16723.773038336392
16900.989241568946
17114.27011630544
17333.229133203975
17554.02397058411
17827.01748425377
18127.530393528963
18280.69847831164
18432.689341664278
18593.766694183916
18762.898772152133
18910.020228907397
18921.857263780035
19077.57588524075
19383.04402503443
19624.131291309295
19789.508085092246
19958.03435947025
20126.397416621938
20414.121777512217
20581.305095846226
20747.69732356669
21014.83977190756
21292.59440786201
21585.91716482485
21884.02666004802
22120.95733826446
22317.60458517235
22560.346389413615
22724.88791667563
23003.197484436496
23303.912718690113
23459.210921653434
23574.53466142283
23716.311403436834
23752.41437205269
23836.15736007449
23966.09164340607
24069.57792810333
24243.940839020142
24344.340347061167
24526.65502489539
24658.19893941186
24810.461302421936
24948.710739895738
25045.919735543608
25107.776414711425
25256.33180696533
25383.293230590745
25582.436633781814
25814.606889198833
25938.88720778494
26050.909951497353
26086.742378093535
26202.846197488827
26238.888475979133
26321.487751871533
26417.50316273973
26530.677881828153
26670.961544725324
26696.59116532571
26788.693398257597
26925.233294192964
26932.156840000258
27155.117838838272
27297.17657085892
27432.307559148554
27522.1438932696
27662.349607272008
27790.746860410876
27934.326419032106
27971.586330033188
28015.045119930364
28245.534165180492
28267.440943614543
28429.214880193555
28705.516427883318
29004.73333016923
29170.363622280514
29294.994894187075
29388.904920699213
29540.949410673835
29789.63652850343
30001.72582590165
30089.640126169877
30187.44337291983
30270.394520779428
30385.635386495112
30494.560785852962
30625.40275637777
30740.41447203736
30879.460930359586
31011.359409254153
31074.98294091418
31151.597362288117
31325.736503831853
31503.346044537004
31644.787885739996
31762.163787260823
31838.444619375525
31871.253390317226
31962.71280973313
32068.019823913994
32119.65743583059
32130.71529356432
32203.56691243756
32291.84179396109
32335.879008311364
32413.50018388755
32485.595787192928
32589.89220022248
32621.165078476282
32644.939234195466
32726.284678353783
32756.05332206383
32778.58791838441
32833.834008513164
32900.34937333393
32966.007775881684
33032.541329871645
33072.30990859431
33092.36153280267
33124.0962762986
33132.053662752514
33183.376752880846
33203.1513815419
33208.20797246945
33249.18604797479
33305.115346303915
