-24.37266458813007
-48.559124286319985
-91.61767264029777
-131.23923950455668
-148.37224988363056
-176.7202058661351
-177.34463916411227
-162.15381859785435
-144.43469229356506
-113.04711377740935
-98.19193077446678
-115.47920216014654
-153.44650267542838
-192.0926636472485
-215.92560586546242
-227.42121333529968
-215.96835672203574
-219.54364958877923
-234.19088532127304
-240.20082404737923
-233.50451822557733
-242.75477963579883
-267.51742336869546
-299.9572136587129
-326.2438627011116
-370.0983510478636
-410.49739959258596
-448.5137756934395
-506.70449529294876
-562.6359950801667
-603.3226690289573
-628.4520915473768
-610.431624434491
-588.0713109529302
-588.293354390318
-582.3209229015209
-550.3299518983522
-494.9849570824796
-457.39366732196356
-478.940510291856
-495.1411542756529
-512.4270485751548
-543.217200902841
-534.1159492193876
-511.8102727221235
-486.13695205984635
-429.7035328267897
-386.6772322563438
-403.8434430462383
-429.8930165956241
-452.2548723175999
-454.0310594312272
-456.42722421215103
-447.1346166814393
-412.18605776096837
-402.7210334379614
-403.1005049968103
-413.87987972154224
-447.77269863441506
-469.036454129145
-483.4343214663186
-496.2158909202371
-480.54390425271976
-495.9794899517639
-492.39155306820635
-473.2280412212307
-473.26664302838094
-472.3008846536023
-500.05280619760987
-562.4695085244024
-623.5698498424102
-662.3194298905447
-665.6129068301443
-648.093583611626
-660.9180015365331
-695.258417486943
-692.2557490149588
-687.3202136349233
-688.4856081198246
-687.1180952732359
-677.8277551538816
-666.8168306420873
-638.8039401300412
-615.0375482151484
-611.7715837731186
-615.6155225859465
-653.2444125512541
-686.9302823407994
-705.3708305359371
-738.7363408463839
-774.5902854570012
-806.9844337878599
-820.8025590795816
-838.1880185254847
-870.2088584689011
-880.8344380349238
-865.2800443336853
-841.4428001711062
-838.8404318674078
-847.5256310154036
-869.197329876882
-893.6678940436027
-937.0018725928704
-973.9099265863748
-986.8891316468914
-1016.131568616777
-1034.8208904801684
-1063.9760493269848
-1076.6165519172532
-1070.445886435642
-1111.165879620466
-1146.4848297640656
-1151.2426783901788
-1147.5992280012997
-1136.5530336632485
-1107.8652398689092
-1088.9089546990588
-1088.8785410533853
-1095.146246724288
-1115.2946269731594
-1123.6745604691937
-1142.987688631729
-1186.983183257162
-1233.8129160902934
-1260.118779751178
-1255.3429959900484
-1285.6508115486959
-1329.7204195988513
-1344.8336231715323
-1352.089207656077
-1359.5550214335533
-1345.4809719478542
-1307.3466217877678
-1291.4407123383153
-1298.570052006724
-1307.0484502442453
-1321.5609242517958
-1328.036782227089
-1361.3037912024558
-1417.122031011646
-1444.1585702182274
-1449.500613830691
-1498.1273429988728
-1531.6661231560197
-1538.829043145958
-1547.7655684030933
-1563.8185437827897
-1576.1101044853626
-1555.285454118769
-1502.351144754505
-1454.7820622884815
-1422.4685143393115
-1421.842884374261
-1446.1879121044874
-1465.5305979907776
-1477.1850388285204
-1489.295769907082
-1521.8990348705604
-1559.7728822355155
-1585.0872187384396
-1581.3719941658276
-1571.9584622477237
-1554.507505498243
-1514.658641401008
-1469.2270007406355
-1431.073259774213
-1380.4765702212153
-1341.3587929240207
-1311.6470825660633
-1275.5111233248228
-1281.7562629039421
-1302.6112211292036
-1324.2193105596407
-1333.5800295110837
-1329.9010099449965
-1308.5097172007665
-1279.8898971584993
-1271.7584914628144
-1279.037630830934
-1293.595909567173
-1309.856614692722
-1323.5376410650415
-1323.0078003398921
-1306.4461292642122
-1276.6249982155682
-1235.1961299918887
-1198.0668260717196
-1168.7066921039193
-1136.4083711792152
-1111.0717208939827
-1101.9893054435859
-1097.4881931050836
-1091.045696528398
-1090.5040540001116
-1106.4209127021597
-1114.9421450530172
-1117.9526367601732
-1116.1040782223758
-1109.0748951264902
-1105.5837379492027
