8.724523110639902
176.5168115181723
480.1714346044755
744.9381971490852
971.217831027046
1247.2118454840045
1543.3837153463824
1845.8726461882845
2143.3704761035724
2439.496767804989
2741.314455078747
3044.6721534132926
3319.0354439862235
3614.8495161531646
3896.3060364683747
4190.514731891175
4453.676007865243
4741.0435735414385
5042.430607550703
5344.721047430083
5647.589882516669
5950.519650968315
6253.42617774407
6501.844651998454
6766.250006575773
7013.754277123583
7188.91361489282
7332.021411994004
7572.13536294446
7736.919984352477
7769.436774790379
8062.143630447073
8188.416839039458
8320.977266367929
8458.991265836416
8599.129276697828
8764.63314841295
8931.095798497132
9097.36716412804
9261.154243269935
9519.845471207524
9773.272567520362
9978.838244935338
10039.940594554437
10247.171106338474
10330.660276441682
10465.956215367862
10544.36174192329
10605.346400797209
10799.33970175801
10956.649127373532
11177.403952459554
11276.582173378218
11442.977635979732
11746.383195851942
12050.018345052047
12353.794359532452
12657.70898790129
12964.09000433869
13269.29112859259
13437.199031541779
13742.406663174253
13986.767339112172
14201.367438019559
14479.03463361597
14781.326171282213
15062.908964204005
15212.84838023148
15491.816921476588
15663.130284756939
15832.295506573659
15885.136819708036
15950.663178042107
16119.639708008384
16300.372490787537
16570.757423626994
16864.742879974125
17155.908312177613
17408.650308548615
17699.670924682305
17847.673629177167
18052.89141979131
18229.938857402467
18500.061566438984
18790.364341872522
18918.713588506944
19046.152149734502
19151.727513338705
19297.952338713636
19463.40760274126
19625.019091028873
19787.99694572182
19922.131128992754
20082.369626358435
20239.6790485487
20399.750188512797
20568.440206957366
20797.478348275374
21032.85850086559
21267.551843970443
21345.91710000708
21451.414446304992
21499.01460230811
21631.485507100097
21743.810627233383
21792.79790315023
21963.940348934528
22059.99675135056
22157.27721628361
22271.326812006966
22426.50362935439
22560.518980482888
22660.384288436926
22768.176076754044
22990.083394114456
23170.10576047818
23286.83688278945
23381.42582560961
23440.26045168305
23650.095781536857
23739.18085033973
23782.387373569178
23838.347901786397
24032.084520531975
24132.593199603765
24234.18321964378
24401.541528756265
24515.217767086484
24540.12500118179
24578.02996188728
24728.102515975115
24915.926155791978
25116.069838748997
25247.40518044258
25413.967984114817
25557.887274919798
25654.508036102736
25716.99171784323
25801.73746859424
25824.366509672167
25838.78199619569
25859.29593326474
25886.290552851195
25930.833441024195
25996.130187073497
26075.71379586795
26178.192922489787
26303.612564093874
26356.1170115155
26413.51353457302
26599.82082172528
26880.936460818113
27048.72956964696
27178.472159132492
27378.148155600884
27652.475364810238
27675.986904466947
27806.497545406677
28008.70697034103
28126.126634361965
28245.99652343762
28328.65866959381
28366.363454375813
28444.25904700207
28532.57606272998
28563.910498810837
28595.42861672896
28645.808335286358
28688.96631488615
28774.322561982415
29023.54294686964
29288.957309419045
29423.260851258638
29531.98998675573
29657.104845976413
29758.023258495192
29924.410756104022
30032.99689647598
30104.36420144307
30189.28953062714
30233.114189870987
30267.586485128624
30397.91683902432
30497.870484518695
30548.43412758228
30604.379566557014
30685.534442395216
30883.587814332677
31109.435834235413
31268.205470048488
31444.50110200887
31691.973452879763
31908.916338429564
32113.72294849065
32281.315250890904
32447.08374171142
32644.344543968284
32750.3500904491
32861.49794497814
32959.083597287936
