-23.219854159812066
-39.01289118256801
-63.814257410740744
-107.2602116658164
-151.2948536039026
-168.44146225205128
-161.88012447358244
-137.66782130071016
-111.42049439396851
-112.96183150013697
-138.6909108811392
-173.59699678952092
-214.16288452113977
-254.04384948968104
-290.35512709113584
-338.5822371912505
-380.4312778003258
-395.3031148062397
-408.00559586085876
-410.7178641579184
-412.10953980957953
-420.6710695043341
-428.87630604971184
-437.1084277906967
-446.9159128246051
-470.4757612781808
-486.2881317769905
-487.9536965283501
-485.73329032377484
-482.0394802440043
-473.08031816793033
-453.8308782177038
-442.5629001781358
-449.01729831545117
-452.7551922786946
-466.5774669498373
-478.3501575915398
-482.63672975389176
-486.8741866796861
-486.9709695430009
-487.5825052621731
-486.7141527013055
-481.5945416823235
-483.5128866706531
-486.4101800767639
-501.62086290406086
-534.1327774810708
-565.5044997759296
-573.4730213543406
-575.8727971723999
-586.3051125946768
-570.1948587552979
-552.3491067878144
-575.6038314607289
-600.9350276479322
-585.5295181199758
-565.8876664675302
-526.9944881596028
-513.0949842012908
-499.1813070097454
-498.2712697930416
-528.5050449969176
-511.4812337559228
-473.677697840081
-465.90365992913456
-463.1740633480942
-451.5134319257784
-434.2664759606723
-464.0610317558491
-531.4030770658513
-557.4129968535335
-529.0941662901773
-509.327359094614
-487.9655070618647
-475.3403794024524
-488.1199080262204
-497.65888184483225
-491.9277035412211
-480.86168744522547
-480.23408826257645
-514.9682435378742
-526.7275250483824
-519.6535275346407
-522.9506058305477
-544.1005999318379
-581.3600128510483
-605.7873040123295
-611.4406485221944
-617.5585359804371
-637.4899893282061
-663.0765529232567
-655.7647355102218
-643.115688635192
-647.4116965109029
-659.8682691642293
-692.4542972322736
-716.8110783804533
-710.9025713663577
-707.9474936376101
-726.8338978259328
-763.7677612816173
-776.3167856316411
-782.4546721143098
-789.4796836787481
-798.5373049311171
-826.5154989979773
-857.4607629811219
-870.4020827053611
-861.4691578791171
-858.8316383079383
-862.2145411888442
-883.515568313934
-915.9567335694807
-921.5609253353346
-915.9394507698736
-921.9819274727195
-954.9622429495904
-983.9260961399901
-991.6199872251998
-999.7472654755821
-1005.8961752932336
-1023.7018237684865
-1055.754121116658
-1073.1075715254685
-1063.3239499184795
-1050.6550628639825
-1053.3871200853318
-1063.054154193909
-1092.4341034225004
-1119.997826938177
-1118.6908708676758
-1117.7537297849642
-1135.4451791491322
-1174.4521823565349
-1194.632114758168
-1203.9955670486731
-1211.7935083119023
-1220.9777673814087
-1249.4697900005344
-1277.739457747619
-1284.0884319174515
-1269.3119654034986
-1267.1027822674262
-1275.258262480821
-1298.3012850012421
-1334.9546898931608
-1343.178802028121
-1330.8806847559306
-1328.5862834277555
-1352.6228308514553
-1388.3759192998768
-1400.5333055097992
-1408.9914122292628
-1415.6568942021731
-1429.04689432102
-1460.227001808565
-1482.1883409470704
-1477.9702277588506
-1466.3473358861586
-1470.056215061542
-1482.4532858867583
-1515.2204793407986
-1545.0442359579981
-1539.539143900162
-1529.82803050395
-1535.8810306309158
-1571.2209713487632
-1596.6885673057448
-1604.2954259516423
-1612.8543564976717
-1619.084384370445
-1638.254529964098
-1668.2999906414652
-1684.729550403259
-1677.5430363458177
-1673.0916007710155
-1677.6596889642528
-1697.4892214877254
-1734.553000173121
-1746.5026056370446
-1732.418898108566
-1726.2945574195442
-1743.6818348354352
-1781.508089164819
-1796.4313672560208
-1803.6980365400657
-1811.3171652795606
-1820.1545824777982
-1847.4336103206845
-1875.329670765513
-1882.633341800904
-1873.0373349219242
-1872.4384894895513
-1879.9062487993706
-1908.2789362668916
-1940.7095328696576
-1938.3407750583567
-1926.1764733866232
-1927.2386169568522
-1958.181792712773
