82.16597795857055
82.66926196908408
82.57795442972697
80.51595008653406
79.98250606389018
79.94988227627775
78.70044881052301
76.99359025113208
76.54686635074455
75.63238000820925
75.46983024380238
75.32164713519879
74.58224049996416
74.333347493645
73.77456509287894
73.07726579029419
73.39189888561732
73.33408385399342
72.62225908145233
72.60375056396282
72.60084501113721
72.21796594108925
69.86525006560709
67.20695159518304
67.04698416776449
66.94509471476945
67.38040039578392
66.85315787883806
65.50659695426539
61.09831228483559
61.10996577203014
61.05547444407314
61.065195034665855
60.948809764964416
60.84844729132389
60.82198732833106
60.39879105463462
61.22653121920698
60.55577001988488
60.45669655307447
59.13214027250728
58.71593152653997
58.33526219856857
58.313316846336804
58.37207417029162
57.215936996737774
57.02726961094255
56.89709812682972
56.930445806569416
56.98378299230262
57.186367212992245
57.06206345564006
56.867605397920826
56.43484276428578
54.41477286509789
53.75562578437868
53.795620546485246
53.67667143161333
50.08813791169155
47.90222862780286
47.221202471205615
46.635531222335715
46.77542172746167
45.67762956129423
46.2532087240402
46.442968528213044
44.98351581915407
44.83543667248085
44.67033666259953
43.65875701295106
42.02617477119972
40.43958097913986
39.267231336218835
38.864843268180664
38.6915037517325
38.86131968392465
38.841373823736404
38.806095024654326
38.81535790441039
38.990725300987286
37.28661195459891
36.4320733609413
36.64529622129969
36.69901971062766
36.82897969075081
36.701729515745285
35.31827360444228
33.88517753739603
34.291693794090136
34.293117308710045
34.165537549183576
34.17141753538834
34.080438447473526
34.06968425241239
34.07401644821132
33.946610718830115
33.832572106549286
33.80584672150516
33.794435015645746
33.69812689841089
33.39822300135963
33.15732075480927
33.214967659784875
32.29469471341375
32.273253146352815
32.383151961155384
32.48826015602666
32.29239187972743
32.29404694555708
32.300597042003396
32.3013707412781
32.31448326566849
32.317711098001475
32.29225866496162
32.18804876150823
32.13853821516379
32.13714326851256
32.14445197785549
32.117510453628974
32.08367178977358
32.16816392199288
32.29983168021678
32.44310655936353
32.464248554298976
32.469815784746054
32.477235312784984
32.47880068686306
32.47757729591038
32.478763714603936
32.45345510980775
32.45178544466378
32.53039601798171
32.47601256873199
32.472575438691464
32.47572088361342
32.47835844817723
32.46791679982988
32.43957286111951
32.42993545741059
32.4261974904298
32.442598497218
32.451685367857856
32.45448328850059
32.45521360700886
32.45426482107066
32.4534505017112
32.45245778892688
32.44369428577283
32.234307540948045
30.789533075595855
30.828431850070253
30.792828263134858
30.76027972663358
30.620482097327237
30.697404258178725
30.655874178169256
30.426021422147773
30.40413668919875
30.326649626483263
30.325214333964322
30.30046629289966
30.2660665474416
30.26410192662452
30.257817129012903
29.924680049863312
29.88143199651469
29.87348838213893
29.918445746521485
29.93855199532142
29.968576648106655
30.051022959023143
29.364473215954607
28.95464451505672
27.85293916756794
27.803439204214115
27.769906240042065
27.760092900965237
27.762875454613848
27.70785620023745
27.70989750581449
27.709911807701324
27.70838819003913
27.703355455623928
27.693611804833527
27.628395245781782
27.54114236991952
27.459388777321784
27.458706595487556
27.44467511238025
27.424161892239923
27.421979229516367
27.426554825479492
27.433223791607052
27.426316754638606
27.605221244024687
27.47450322005744
27.016553118315418
27.023597265700747
27.227560378194738
26.988739531683322
