536.5663494243793
644.9233970258039
748.707039232644
895.1686590973688
1280.7491168014765
1624.503442912297
2031.6062358397248
2470.2382096057845
2850.2334452103382
3267.8603268692596
3716.75107869905
4157.01420671996
4635.040389469948
5013.649025730413
5437.191184825588
5808.420769169235
6253.188380020756
6639.987962076291
7110.449325335541
7547.018446757631
8036.366184143901
8559.668907699968
9089.352240927812
9539.990634235151
9935.274764547254
10421.403752312775
10874.25698401371
11356.146028715475
11779.322732230143
12239.978337941438
12742.080443877858
13256.433709696115
13753.030355299683
14230.942167629299
14662.645255424257
15165.07699577935
15702.039761342232
16235.35264390037
16758.43823997772
17270.169815302037
17793.822872780034
18261.621905128235
18766.91675000652
19194.25489504323
19696.430350633094
20222.32151696126
20720.965745822137
21230.101529091666
21773.16108134049
22334.81072177844
22881.961058842648
23409.821503833413
23933.84879504155
24463.17749217548
24837.737223728265
25263.080868022033
25642.543869858284
26069.79714939825
26495.08577405488
26930.98523213583
27470.65219889052
28025.523745666094
28569.65493295115
29120.7365851103
29638.034149494084
30162.135640241857
30650.59743548524
31178.12039592282
31683.80746237567
32121.347920273223
32595.81849070102
33096.19358331293
33538.038647408335
34067.73041072956
34598.66793923285
35012.80454086052
35384.713039138456
35688.508793320725
35782.69921745902
35875.53405312888
36286.8963245007
36771.53400701793
37309.85899631138
37861.52128931699
38408.22074030665
38929.80780685537
39426.61341277709
39973.2968555911
40520.916575180534
41108.866285018994
41655.20011916098
42174.957649421434
42708.55028348872
43253.14461481553
43802.872754978285
44347.55865707939
44906.436010263504
45422.89481830919
45923.04610953188
46483.68158532515
46955.45676605991
47429.69834979352
47883.48876029924
48392.456946677834
48941.47818715962
49527.0092684017
50006.14650951488
50501.029834343004
50980.844245246524
51499.41063711433
52040.37815911269
52606.64108909647
53152.54732336032
53671.91319978014
54177.190775044204
54569.787620603136
54937.09108605654
55320.8346474928
55887.34212906323
56343.316988814935
56696.0558151768
57185.53721421552
57325.55055841695
57615.0995245683
58036.48917296546
58108.30200019766
58183.24556262853
58442.85113148419
58912.199662063846
59394.643036542395
59884.841709854394
60427.531733132775
60955.62911824313
61531.53638999119
62084.90042921062
62656.059947879265
63138.96430598217
63627.61757935491
63940.66034156037
64425.05479924892
64944.34491362938
65455.65096534455
65877.89681561079
66394.19039652344
66910.76074679478
67471.86563432243
68021.70161080798
68592.04148225691
69140.77928661012
69680.24589416035
70222.40553950689
70770.25496958861
71346.165015609
71916.65719485382
72391.45546147725
72931.70803102295
73490.2933254091
74042.04624680609
74567.14388312446
75115.59890108733
75685.24519838984
76254.95801914159
76818.64020823801
77411.06018412806
77979.07987273013
78575.71237419757
79143.26215736738
79734.1292593089
80321.0121550998
80897.41655496172
81497.32929076909
82098.29899374089
82692.86242378468
83266.57549436764
83864.63212843
84458.71812881641
85017.13567604426
85573.04331433025
86142.53135241782
86737.59431014102
87341.10339436158
87951.89146191921
88522.57396638826
89010.83877481156
89581.31918635409
90130.30788840378
90684.8975713084
91234.04932644533
91814.64894379975
92388.55290146827
92977.30349712932
93443.38854364135
94027.82328472102
94572.83062651388
95141.39844268198
95707.76044820988
96205.28041064186
96717.64558964664
97289.7584192281
97871.06513356697
