28.977884060927757
189.60750534245017
342.62645172801473
503.96222715902525
780.1834528635052
1036.1313731786856
1310.6581138157053
1585.5478868898003
1849.975509777664
2132.084074171248
2425.5378286442146
2712.7971842114716
2992.9495178217885
3241.358149213014
3496.731263868553
3737.416042316145
3994.019424544516
4249.592218345788
4537.473294556106
4811.29711929678
5101.4052038957725
5401.408597075044
5694.629233685971
5961.434922846694
6210.112579253352
6479.780016428729
6743.273199415965
7006.010436433275
7268.106234626248
7537.1371852869415
7813.249651004474
8086.611607981616
8353.760110172638
8617.23497649973
8877.585004574443
9157.345972741825
9448.659164220522
9733.683406143973
10009.943875641395
10284.881308504602
10559.55386616184
10827.52701776424
11099.269501247209
11346.174500155254
11612.881771541415
11879.05778556249
12139.370837205228
12412.310468817175
12704.6908522436
13000.959324802341
13281.98613290143
13552.92486839578
13830.194012558959
14105.599882473065
14371.10356271167
14635.422289671824
14895.379785746865
15142.503661453482
15387.01205765872
15637.595708220812
15929.465542972659
16227.379997496844
16512.32147049275
16785.405760818783
17046.2299376416
17304.473927678904
17565.244744600863
17834.941087722375
18102.782722905922
18354.149917797917
18616.12741340845
18873.58044132926
19123.958058447693
19398.534340209553
19679.0213201927
19958.15622680275
20218.232332634492
20466.544181682286
20666.861485687783
20810.912991999823
21038.33334578813
21296.47238650148
21566.608354689877
21841.225673885638
22105.21229725741
22351.136777061245
22602.531816670784
22872.27714619079
23154.978405123235
23440.282656086998
23703.474806001486
23958.463466875113
24219.99048879854
24487.38851235873
24756.36562433963
25028.036332097632
25305.674005166456
25580.657710475512
25846.71082511822
26120.649441746238
26383.998324548327
26644.86921252845
26889.638519413413
27152.64722727599
27437.276994520096
27726.40843157249
27996.955199837605
28270.544352728164
28526.030915620955
28788.27378427463
29060.901703112675
29344.275956783295
29627.572101639846
29906.548365865816
30178.667138611665
30442.759768386022
30694.37649611946
30958.070358638768
31254.863134703908
31528.18310419634
31777.345873659004
32034.069289093328
32172.100692428194
32402.51363794449
32660.625950696252
32788.3849861752
32973.26310781055
33190.923134272394
33439.47996885324
33701.6260841389
33962.61625661509
34239.677224666295
34513.9883154813
34792.475376027825
35072.29317576821
35360.011433703265
35633.695259355125
35900.038402478596
36137.485588028816
36385.526156026186
36640.53320396037
36895.8747949189
37155.87491629849
37420.70310245956
37695.514761320344
37972.34106031292
38248.80074112508
38528.31015951962
38791.163437941046
39042.322234687446
39294.23402059224
39556.38060937846
39827.819508214496
40101.816289148264
40376.283853826106
40640.70838894031
40898.09431420731
41145.41356285269
41391.32967105508
41650.98235145149
41918.82212758765
42196.01066963557
42477.023021175555
42759.04090542863
43047.654450953305
43336.02449694082
43619.86629733015
43900.190650603516
44175.431658240974
44454.68754987486
44743.34203593551
45029.91388765828
45306.58871478344
45584.8312113527
45872.885154507996
46144.326261194794
46398.74271468577
46658.111475617814
46931.925005559344
47218.321998268795
47512.17706886732
47792.32350693359
48062.812820590916
48314.31174746188
48572.52493058187
48822.44358494695
49074.02639326553
49334.554914257584
49604.37582723722
49873.64170268384
50137.60501303214
50382.47423401333
50656.50617080847
50928.52043977489
51198.111757422535
51476.57922383411
51757.05913271291
52034.10261735148
52319.02062178553
52598.5160883901
