62.58963075050947
62.58750723610744
62.571441469587086
62.579400656678416
62.57967191477178
62.58284859934754
62.582979153396224
62.57514386105566
62.5572959250986
62.607462537768555
62.717568536835
62.67419801522666
62.64116766930428
62.845639251493
62.920931733423615
62.83364366779873
62.624445700773
62.62775984386978
62.2732342338139
60.67295517657894
60.68772257342134
61.040598882359234
61.015254835187704
61.03397774649588
61.051796827588724
61.037839349035664
61.02678811427447
61.00613427246363
61.02129273779532
61.019461078874166
61.010839498031544
60.953225719640784
60.93874796084986
60.96442882687671
61.035127979958645
61.021432118302634
59.799991957794504
59.51680452363552
59.135402939579414
58.65794132080947
58.65739627049092
58.514498708960225
58.50965433425966
58.42321272358734
58.18227127382015
58.45194612937969
58.16406643953197
58.16309638400931
57.999699572598274
56.87847166174505
56.73240759400412
56.727765316649055
56.730899770015085
56.75862544877659
56.57036379887275
56.55235085937125
56.525119113064605
56.538747855429854
56.53939453591748
56.536541044512035
56.534576380446424
56.64771519212435
56.615779116502736
56.691388346309225
55.715266235692816
55.67256128058475
55.54110743351015
55.56130414111024
55.47739750635395
55.46912732596937
55.466240425497
55.10659330928059
54.908541665591514
54.910823675950276
54.33465183956746
54.3703469617225
53.94841524131624
53.978040726765286
53.81105830945245
53.7511753923121
53.72200734820239
53.75270456849212
53.75340411802056
53.77457906056703
53.606317130058315
53.54679442182782
53.07330877088877
52.97868475538972
53.05425079851956
51.429469332728466
51.41536629915855
51.53121937438863
51.48193803543881
51.466963819731
51.38024218020283
51.391532675867985
51.2615786212784
51.17904682659315
51.19491616734042
50.148390858901806
49.92565960908523
49.67034029444805
49.63600776200746
49.65174723503231
49.642836634775634
49.408597425698
49.24195818941357
46.41896165236097
46.4807417386468
46.620761237455866
46.801118953092946
45.44041937475672
44.788950958017004
44.43601266350288
44.43072390505699
44.39992106507043
44.3995522884256
44.404213858289275
44.63971678888229
44.61629578746956
44.75056204829521
44.83753971450164
44.82408105796517
44.8395311218234
44.82796890138756
44.82137997664021
44.828438668596235
44.849123497804484
44.96033767155177
44.465625635358336
44.654624966855664
44.63073035183469
44.004187448022314
43.99927378608521
43.99944566517467
44.00046606603224
44.001364610987245
43.99937905806984
43.99866127912468
44.013284994225735
44.067564910286066
44.0630127059202
44.11349873374399
44.030626240948415
44.03377759037704
44.06473824920941
44.07518774375663
44.01402432726734
43.99920751727547
44.011722583673375
44.00521922047211
43.89451115057444
43.893626905713056
43.892251405273065
43.98970111662117
43.941886729810996
43.85708948076077
43.94871643798933
44.30810739447666
44.318694602231474
44.29035578462709
44.24959964265738
44.26441655040733
44.25157349281098
44.24453975599022
44.282611189654496
44.2879409001034
44.28380582835573
44.31082704954384
44.48402414428558
43.45554804559115
43.25532926151759
43.380056930081516
43.18819109772381
43.693817440713055
42.8011464128077
43.59992935035614
43.241612072915025
43.4095645097131
43.19224687445035
43.16861824721549
43.21664975747685
43.49094804438034
43.488777624213014
43.204327500651395
42.95710994622033
42.120833278168654
41.9395062453323
41.73125526778197
41.47401358256248
41.19144358291228
40.79952618095746
40.42921622371464
39.949958764548725
39.95640238033335
40.10719058706412
39.364592478821145
39.36659716971619
39.56260083001576
39.40882684133798
