8.69808902607582
147.86718478359393
281.9416870876105
429.0962546761641
696.8341193154887
952.7902349071089
1224.594741575902
1499.625409794739
1763.1549327517982
2030.5044365920808
2298.494119813275
2566.511426907719
2841.7091018783667
3100.7843037406574
3373.1212871563475
3632.0029067379437
3907.5179424244375
4166.788997802278
4438.783671616427
4697.631840676217
4972.816005467912
5248.65324826628
5523.540278084199
5792.274877082624
6049.979310629571
6325.477765447747
6594.156420512624
6869.431007873244
7132.7275178699165
7400.0286374391035
7676.573782402596
7951.8050838018935
8227.328582297981
8502.12150661203
8773.074943921682
9047.067085206345
9322.580618492182
9597.992019276593
9873.472686090048
10148.946445441414
10424.420726307635
10697.877619998972
10971.491480304629
11229.47125891401
11505.990282166598
11781.509319246561
12057.040162579064
12331.824114960205
12607.916356539487
12883.494024252264
13158.291659485372
13434.38672400221
13709.959789991
13983.817359489334
14250.713193367734
14510.973583393603
14774.953092993093
15031.22945558531
15283.346020760004
15534.718331918892
15810.851618432942
16085.028557119362
16358.37433966917
16634.422825256333
16909.201182523404
17185.31140698928
17460.23771355506
17733.92224667763
18008.536631747244
18267.50739556705
18538.60797216557
18810.652032891663
19072.20949602856
19348.004540859925
19619.495760506998
19886.924940716894
20134.22461507246
20386.62779948698
20600.326315716018
20763.221612501486
21011.289417062395
21283.361539155063
21557.074243210718
21832.60690214022
22108.019418423115
22383.492996708188
22658.966397825294
22934.440205048555
23209.914404619652
23485.388604609794
23760.862832196864
24036.337063600684
24311.811296649543
24587.28553021293
24862.759763914124
25138.233997663683
25413.708231426826
25687.16501606158
25954.30668584495
26230.667093670116
26489.904915174495
26743.052698726166
26994.451607619216
27265.61156426914
27540.290814038166
27814.56879207167
28073.320817691325
28326.51441926562
28578.268005564616
28849.875649171438
29125.373838935902
29399.862877378473
29670.702158894383
29942.141387067855
30211.845945589645
30476.94000669928
30726.871868986924
30969.13910066652
31235.287514784934
31499.600758560777
31757.277679105242
32021.409610132956
32166.596643454133
32407.136086339287
32670.97509797169
32800.78661035512
32981.989812299194
33196.15283799888
33442.878842279155
33693.06890493855
33944.05045920346
34215.589764063145
34483.73572978347
34758.76921372513
35033.163994037255
35306.94683282689
35571.53272708974
35840.73458755574
36088.898092779535
36353.54239027634
36627.71974750618
36899.77260760934
37166.12617882615
37432.98111508069
37704.722244232
37976.81502628605
38251.249357659035
38525.12364562069
38798.139767745306
39073.794383827735
39348.657498621236
39624.74906729103
39900.334330966
40175.85315539876
40446.18769533305
40715.31954105299
40991.32372851272
41266.691172724335
41542.19892785854
41817.67897690186
42093.154677895494
42368.6296552874
42641.95154722321
42917.60233523965
43192.532522085705
43466.77021823856
43739.84723867936
44014.703680274375
44290.81632861074
44566.4046688778
44841.9270888021
45117.41308823521
45392.890970644396
45668.366382331566
45943.8409590904
46218.603783612576
46494.69541356738
46770.27106365025
47045.78875221032
47321.27355986957
47596.750990308814
47871.514523975784
48147.606239132765
48406.697747808335
48683.45487233872
48958.060590128815
49234.1864821375
49509.04035648804
49785.15288543166
50060.00426827935
50336.1167653549
50595.215297730734
50871.97264378039
51143.07262634502
51416.95558142341
51692.20957726205
51958.28816852186
52216.2445809575
52487.947758650436
52761.101526426995
