40.55959006970387
83.48064111771248
121.3695292808085
149.73194496572228
166.6986670960329
166.68227654315334
172.12674447960683
171.84495419012302
173.64115405173183
203.15927515833545
254.08741766187944
292.57151460750595
302.48083188684427
281.1476909447132
247.21995342441107
210.8262711564031
173.00296424015698
165.60644108702212
197.3792458793619
227.3305572411287
257.1783968557235
305.51069761753143
342.1779112035464
338.3200915281415
320.26653724756403
308.6045019619665
298.23355780668214
273.1588571200621
270.75743351266465
274.2170956956771
273.35173720375633
269.6130483594458
252.8630557493136
230.22693977540183
209.02012130552131
220.55777507095885
252.15709145667776
271.38277373475637
272.9423791026883
271.86972612637385
270.26627970840394
259.2987955305317
255.55604188515693
233.40648248248198
213.78297874963187
195.09693263185807
164.66134925232873
160.9727077139394
193.5489914082284
234.93060110015227
247.38894683211302
237.0762887871379
240.4684451359146
243.5650459674584
240.780738687872
248.89741255643943
240.85338550753994
222.5484117363427
207.33207379742856
205.7547526038351
237.22784907943088
284.70288075496023
307.8942616471556
301.96587112490073
274.05751023639345
238.3250413792495
210.0140620916102
202.03768208949262
188.49218231736342
173.28504446174253
155.0388824857632
125.85681687519944
103.49712483826701
101.05959869926056
119.05111937140967
142.4625721717155
168.01543512406997
159.8327643906118
133.0703399435364
95.38275899668298
54.08785745147719
26.221694692834696
19.068222958319044
17.237543490829836
-5.6142423314118375
-64.71243929388632
-112.86916230901986
-124.32611771552806
-109.87199899283533
-90.21189704559276
-114.77605239075942
-155.7471934511435
-183.64161570201028
-199.79403570839753
-212.78827914899472
-220.39533113210908
-216.06845252074444
-213.01461117213796
-215.19172145346204
-220.03530384776087
-211.8131812523393
-196.3669723954357
-209.6261764116128
-225.9286739863085
-206.0276390361446
-176.32072099836168
-152.73123570744457
-111.94013307491716
-104.47417988732806
-123.20372979362374
-128.9442716464622
-111.17384119036186
-86.26011450907895
-71.18604240408503
-66.35761395596812
-68.3604766265206
-64.99074573492994
-22.137484055508168
39.15123983795158
57.1646912711288
40.136389107526206
25.319357920744075
11.008097948124004
-9.244896789597664
-20.6982945508699
-24.803248359840573
-17.453408977295062
-10.459407452978315
-6.797746851846392
17.114358400703956
37.131594823246715
48.174921206301136
60.50517139565967
67.41232460538778
78.25836346189898
106.12920175273636
124.32506453075516
118.60762984569944
97.17499049854186
63.96753149965867
25.62691290835764
-7.795625380907005
-20.502525055342417
-24.55602524228119
-18.414965823326618
-8.947931946276144
-4.897233067929906
6.373027797836941
-13.952659608536905
-62.944298280589905
-108.84695605801241
-136.7369158251469
-145.02964550300692
-148.07373250100812
-139.8076830138968
-149.22230422536964
-186.4588286108331
-242.5552197433039
-301.73851360694675
-333.39325090077523
-348.6651006157234
-345.2379713036784
-329.85705209534206
-317.12285962207454
-289.75614226482884
-261.49144259550803
-239.96188269844816
-229.02605934174855
-230.76934073955357
-223.4342380059044
-197.17010573320556
-174.99840115389148
-172.6045117219502
-167.0703419577655
-141.91160916483517
-148.55504483559994
-191.90539776324312
-224.31917606490657
-227.72749330197357
-205.9031232015768
-169.14784288301095
-158.38203408441245
-169.58683708373096
-184.7720006929444
-221.85988351372313
-271.2340103637561
-320.3201777439697
-348.9708844609435
-361.55411638889996
-372.72513119104843
-397.02350464553973
-425.4821274348205
-430.93294594386026
-429.1043731402743
-437.68764800176166
-431.2607068558974
-402.45807161792027
-364.28392721205955
-337.85427372982537
-325.170876073815
