-25.150548073131837
-63.66795151305668
-115.56592463609414
-150.59272179531987
-182.65797061152554
-217.34089861670378
-225.13507482208462
-232.62245116067652
-229.96242009355532
-240.7793865718925
-274.0571568535882
-294.11073965365
-322.12785313060664
-341.59387156658596
-311.62515475131937
-284.01725957264046
-276.5242604899801
-271.7201851522615
-275.54511082328327
-282.60840192909325
-281.57869290710477
-273.8604943288674
-256.05587323447327
-227.0169144456409
-217.31685560567462
-229.89619916645552
-241.25992990194516
-256.68419736151964
-266.0648348113146
-283.913797196877
-315.9336182349011
-323.22526032979147
-296.58705821197293
-297.4844260804356
-299.61131634227263
-293.5638720346152
-284.1632290775983
-270.30687435986755
-273.1660672271116
-295.38638719823285
-294.86689366696197
-266.5260892514625
-245.28773515530236
-264.772038321225
-315.46688237877623
-325.48742480845317
-337.90661101130104
-360.87905516397734
-368.5863641850356
-363.04166827090813
-361.6357260976343
-382.26091617072126
-407.57792418841274
-427.97682481863745
-448.9053171989023
-465.9579518399279
-456.32509716907873
-465.3320045575641
-465.8047870918863
-494.57663715867335
-534.1922091431705
-561.1044332782592
-557.3242426711821
-525.0284192396941
-478.94003697424
-455.4630141622686
-458.44074408123504
-470.8291223895708
-481.2718693692109
-470.61818359524426
-459.25276459274164
-449.8419899479435
-423.0650693350635
-386.45879844026126
-342.1322987019436
-323.1988593497679
-328.0648133028256
-336.8351282200435
-340.12735070506164
-343.55033614091315
-335.8001143075478
-316.6625351335122
-335.49210973188696
-344.4422411237585
-375.0510420673953
-386.66173675663316
-366.45242583502136
-353.7055356165968
-341.2994841128712
-308.2909037728561
-302.8956815648242
-336.7490880018002
-360.6205892314249
-367.0782292971442
-397.63062351410645
-438.20577613374167
-436.6141616541819
-463.2812655331424
-508.3206110971352
-504.3617359983723
-505.5710186393745
-512.9079390106651
-525.87400566025
-548.8120670330799
-595.7826951709404
-612.6804493584243
-617.5419020665996
-625.7407655850992
-638.1279746462261
-660.2199555084816
-685.6292896533874
-717.0741396608088
-735.031771616819
-770.432768348164
-792.4086485645734
-803.3225528029737
-831.3809485540654
-846.8036529874472
-851.5658605212644
-873.8445535164543
-907.7793856558455
-904.4577208014456
-879.2166579507049
-864.651260232776
-873.1927822966912
-911.7156749616482
-924.0235286324785
-933.3552755267777
-960.1169821158803
-956.569550875464
-966.3614898249384
-994.3253259173704
-1031.9505352650365
-1100.440405537623
-1154.307262414238
-1159.4992782030185
-1138.810532739089
-1130.0261791945072
-1176.6117412923131
-1199.208962904537
-1221.8736276657862
-1235.6406304260558
-1267.785304825894
-1296.1872672049124
-1341.382849658128
-1354.8624867408516
-1379.2679084009324
-1391.913134092971
-1420.3424375360457
-1437.300330429355
-1441.1037396286547
-1448.575544470205
-1437.8032030207585
-1472.8168028169596
-1475.3429796274836
-1472.1708481825535
-1501.672186719283
-1529.216796770772
-1543.0663625010895
-1560.6899208798125
-1584.959972935996
-1601.2847894847346
-1615.7582608406756
-1641.7209168388604
-1670.2685441820558
-1693.465165786443
-1721.7042056703112
-1761.6247005984671
-1782.2417328283086
-1793.7336755715241
-1807.9862127061265
-1824.49532130891
-1826.9790372730238
-1848.762860664849
-1865.4148013267404
-1867.8487801479157
-1875.5135624295635
-1887.5228139365445
-1904.7983440625167
-1945.4170633326714
-1978.3354704280605
-2012.647145884366
-2019.3551459070823
-2048.343226171899
-2087.4050007688193
-2112.0891087251243
-2116.804980156991
-2091.7210495479035
-2098.1402292478833
-2105.7320644114384
-2096.415860584035
-2062.218548409788
-2055.669562318889
-2029.386844873572
-2001.3264252438935
-1982.3263774909365
-1974.5865959380435
-1971.2255774082016
-1995.0310575945778
-2029.4579027930595
