-23.843508546680223
-48.59133042823753
-70.2411774785254
-112.44150731739836
-151.6008221157632
-180.48140736278776
-208.88923058953714
-239.65762914638034
-282.785785524341
-310.2112788109619
-337.0844898192894
-367.4914209043638
-375.6440846400407
-361.65484141710186
-358.50216832190165
-363.70507404347507
-333.9236873864552
-303.14726611064464
-280.9516547682091
-244.997973896869
-224.24009983415303
-218.3994515530797
-216.29552930695144
-229.83655474418327
-261.8426520873359
-290.7361269715741
-289.72108740033246
-279.03032894959625
-258.4649658506064
-260.1822933991052
-260.5442783813648
-255.10071246930428
-264.7584140153305
-286.5530675688198
-316.7154875969726
-327.6340586657774
-306.9877796634048
-282.0209463877852
-255.66060879597484
-223.49632907361627
-204.49643942708704
-220.83433055303468
-250.32849148375357
-278.17059401096736
-292.2081573801589
-269.5942643212142
-243.36366982111042
-235.19678226788218
-251.2238725318446
-266.50277787624304
-261.3654538155035
-263.6848685049831
-267.18053276835764
-267.0744400660645
-258.45425180070674
-238.57248383864047
-216.80314372184736
-201.54687887273712
-190.19462956885909
-181.75645853916083
-187.71168784724918
-194.42747916177785
-188.46620318923425
-182.42473192241613
-184.7694237116772
-197.70756738798724
-209.1326848584207
-206.63946960883
-233.85054486911528
-302.643072939135
-354.49379955658804
-347.9152004405042
-332.7766621818976
-339.2295019891863
-340.09532532627907
-323.662433145461
-293.0427318584025
-276.0421175235524
-291.2691585781116
-315.60768913675327
-310.55395878890056
-313.7304242884364
-358.270533337143
-390.7261480624703
-389.91764969515924
-377.2746215156171
-381.7909290470873
-373.7379295737119
-368.8120647219056
-381.29445806563956
-392.56403709906317
-418.7291468994881
-439.1077020071099
-460.8208989177701
-500.0756169569317
-526.3093169637739
-521.0878680452595
-504.43425951213203
-515.8442812620475
-546.3284795013258
-565.3331726288305
-570.315931740498
-566.5104992452569
-565.636491689578
-585.2889820719253
-597.5714341089576
-602.5653264239414
-601.9227069626025
-605.5119115955567
-606.576536723839
-591.3050605254889
-573.8104005960162
-559.1295603048638
-554.1962230287024
-564.9042609836241
-582.087301592506
-593.6097909698248
-598.2745066542817
-622.1514336197787
-647.2629639968555
-666.5861316526612
-711.938795168733
-715.0866332150846
-694.7311758952964
-689.8998384599582
-702.37469586673
-721.5645474087742
-742.2643606994076
-767.7578935550569
-799.1884781720397
-802.1065512739783
-807.137672376874
-825.1476052348622
-837.5064705613706
-860.5342159328476
-886.5316145104092
-911.9352383464362
-941.84481979942
-954.6468190760957
-949.6515664081347
-954.948396424882
-947.6946071790014
-933.9857852409525
-932.1353181513258
-934.4680868189358
-936.3877421025716
-953.6610757926696
-975.013511825364
-993.2461410806844
-1010.5511188771579
-1029.24282626373
-1036.7535702034586
-1044.0925860978825
-1061.3480364201912
-1088.9476063215714
-1113.316229160158
-1118.497078301356
-1103.4005232933848
-1072.621329173313
-1045.0557792867626
-1046.7773271433384
-1094.2511885947092
-1126.3408867229332
-1123.4370486362125
-1131.500425200077
-1157.2130054153201
-1171.1563649799205
-1183.0057939530636
-1186.952274380041
-1175.6658567092209
-1169.3388509690192
-1187.9073075368442
-1195.0359807037291
-1193.743519546642
-1210.7917814249192
-1233.0382352162524
-1234.7405366012667
-1218.9987110002287
-1194.267141245853
-1208.6399870396074
-1180.588577585801
-1154.3380693788872
-1142.9840643145913
-1151.9072302940074
-1167.205472106659
-1188.6521124672138
-1198.6487750912752
-1188.6974003740083
-1168.454245649114
-1157.6386893158447
-1153.4807954888659
-1161.504579142378
-1169.1312078620504
-1177.0406619397145
-1172.1766879126312
-1174.5410705833121
-1164.8922838575222
-1146.0753642813092
-1132.6495429560234
-1133.2143805124795
