82.16597795857055
82.54578046709054
82.70571715069096
81.06374366479082
81.20253339291794
76.53359069344458
77.31309090845461
75.36228757119687
73.71552153981627
73.51505325183435
72.81869127208687
72.27175088831818
72.05841912197324
72.26167105195242
73.1054594361637
71.85828079999243
72.20280274470308
72.24231469084918
72.35656397384665
72.53906382851156
73.29310396791882
72.1253422608324
71.78726651774038
71.2065332203418
71.27452513841965
70.81362039903314
70.9947321971445
69.83092995290501
67.53343038000726
67.75721467962673
67.7524120424316
68.24101565776994
67.69542715119478
64.73713373448541
64.27956031570994
62.25827550886759
62.34269643090749
60.89491105079938
59.55687293250543
59.28463322177202
60.130572350175115
59.56808869528121
57.994183686289716
57.569181723083744
51.83095814854317
51.89500636200326
48.55869166324364
47.24253226946297
47.498411192665124
46.83278412977039
46.81215803084673
46.46364972526507
46.19776203370859
41.9513766235178
42.113414214972465
42.13711041009008
42.15571260239506
42.16263670275667
42.11434074501885
42.114280665337816
42.119641799778954
42.05416988076737
41.2469198024241
41.62500291015813
41.63376081176235
41.86235681124488
41.500362705097885
41.18796075373524
41.525087716273326
39.41892133606146
39.5119338260981
38.17739959446022
37.730373761827785
37.721957117997064
37.51134299284097
37.25737049729286
37.07175055319249
35.336024108126736
35.12291655836021
35.0966846235529
34.442252437929916
33.97980020609286
33.52515807643362
33.70819471951692
33.54061007911026
32.648967863672944
32.66436906883788
32.505644561439475
32.27872543725523
32.42733910814996
32.425814458691654
33.70113003760256
33.701669328556456
33.69343886088707
33.634943786055004
33.62451753975673
33.04314644278009
32.98597250393181
32.60394539732786
32.66500103961819
32.558932351218466
30.32448470856019
29.567679593792633
28.930387692849163
29.567611663132997
29.497952551860912
29.22611448392402
29.2049491148984
28.841968286115865
28.813309428082107
28.813017448788123
26.497954804067653
26.486318191440386
26.48928007795528
26.494364464190983
26.822480246827308
25.984037039495412
21.36437562107955
21.169599446311082
20.749597988230718
20.087539171799346
19.63288761802313
20.552934956268068
20.688045888235095
20.44495196269113
18.77710864860683
18.68927884239642
18.87036798860814
18.87906559300615
18.38547507122908
17.08843435112793
17.392962774160875
17.60865071595649
17.64248544860478
17.328938003763948
16.9143312815606
16.917921335751032
16.885085708801768
16.79235342642195
14.490962969423924
11.756412385299905
11.127885878856134
11.127383845114114
11.053708191255524
10.775064100711088
10.696892205205648
10.69814798762912
10.670335445949163
10.492269005357603
10.381105174397872
9.696410319848617
9.575070571586851
9.447682934272073
9.393634936402709
9.194258539279524
8.625555677656282
8.590365221964227
8.548299053228238
8.696627378476084
8.729973953891486
8.715097485898946
8.737238951498258
8.66773170098735
8.779792565405181
8.787609451353052
9.162729919784487
8.969070811129527
8.414376609349846
8.418271781258557
8.429175649072516
8.427783922176648
8.427153905651643
8.426989751727483
8.426581180018642
8.432765637961545
8.416023290795017
8.418404788488205
8.418643793549382
8.423592324299475
8.461673596826294
8.42034068830435
8.351647971878577
8.339174651149273
8.352872704167448
8.360454629630535
8.353979233774037
8.378282254360734
8.394872914894245
8.394706551610058
8.396300783491835
8.3940066566336
8.392600777264295
8.393918461570983
8.397220446396005
8.398216551261655
8.394523300201554
8.349788497991883
8.208772873658102
8.188829004012675
8.11716269251976
