536.5663494243793
831.9801269016264
1111.707536439596
1397.1719897655626
1788.5907419919363
2124.014767004075
2430.476767676246
2842.0232398195153
3281.864114510821
3750.9511363723695
4167.656179225557
4564.604724021427
5030.35974226996
5433.359308597463
5918.594278251739
6437.977648839954
6835.421469423979
7285.768020373743
7701.819901386482
8146.891755686269
8674.067755135353
9055.035488044694
9510.477387908693
10017.382568307346
10509.176691316563
11042.442126837039
11479.027012130626
11881.899072523556
12361.927245034154
12828.759850929344
13253.985767254206
13740.295338071825
14261.509023826813
14876.994568346421
15015.753062324506
15565.83601213929
16048.35832976502
16545.579418676112
16933.052525196323
17379.820623981162
17859.33477541892
18114.045999442984
18201.932771501382
18427.39449935279
18958.646757972758
19245.060514583405
19704.46362382017
20169.28065360163
20647.038445754886
21116.442307499965
21201.38887474636
21688.5019337021
22045.520327416652
22424.464023658824
22860.727789056124
23464.224670963456
24041.96116412082
24627.622485938868
24960.475172606548
25190.76091144873
25554.747665024617
25654.295140346057
26088.776021346883
26248.71487391768
26513.132573455405
26997.429890408377
27294.534071649483
27739.643091958686
27874.68773490458
28371.48737836108
28875.975388488732
29280.008233525703
29477.846887225838
29845.821965894418
30348.521196764264
30588.285055261997
30778.265108960324
31151.585807457926
31219.57169023501
31505.793200012115
31950.986350825828
32196.076917721497
32321.415125082203
32476.19508195734
32520.07291596121
32546.521680221565
32628.56169773824
32738.4042160504
33022.49595038295
33154.68154109571
33518.695029260976
34048.820519688175
34132.52755109462
34140.33895179478
34623.845893298414
34700.83884718763
34808.165092937306
35328.05624804121
35869.42151103613
35918.42201263525
36360.941281801446
36396.70001354648
36503.38752115267
36543.73667372726
37162.389521437566
37662.871701925025
37881.50586834951
37995.13045687217
38009.093460544114
38014.8809168623
38034.30812702434
38045.191493670165
38059.60523470583
38206.30545266831
38685.16080235016
39043.52458798348
39643.76834781362
39837.64054416351
39930.07418605945
40114.26876186836
40588.582692689546
40808.24519914161
40851.204724356656
41001.350110615516
41626.90851144334
41984.48047827818
42330.91253193955
42414.67285553246
42500.61493045705
42569.14406763863
42665.48200757069
42673.730063605384
42681.89044723449
43121.53155930364
43235.62285483716
43257.529374435144
43647.210667774445
43973.42675475581
44030.693069307534
44034.310582937476
44040.05176592534
44142.766888312755
44160.95607867822
44185.47997290974
44169.22140463947
44196.166915703965
44253.21464463098
44411.23299755421
44480.791777912484
44736.979425731704
44790.735562039525
44930.200658376925
45009.714016016056
45019.30477957686
45066.71673765943
45092.4600940137
45077.55625249493
45076.56478449306
45124.38698520422
45236.59849215591
45414.97321783623
45512.60864087651
45611.27916441622
45705.39486801669
45697.10775662962
45754.54519713168
45752.930340835446
45755.5576701437
45758.9848014565
45775.678576654194
45877.15819644207
45899.25081613148
46017.73977001116
46338.61855188642
46362.72771778783
46421.289547914246
46511.19760876503
46527.033528104905
46535.84522433129
46527.12387909668
46522.03511536828
46541.29245653061
46728.738472848665
46803.20392708309
46966.33549969819
47033.128018682495
47144.66419042694
47474.99691437163
47530.170346012346
47540.43544005143
47915.11919694465
48056.74053560221
48100.19476800625
48145.08465483576
48242.598671722415
48279.45554818994
48519.32109513257
48569.3374223379
48588.32648740459
48648.13514410188
