-3.3990752276420224
254.93717435538008
503.02221302472935
749.5887147076293
991.3689325787955
1257.9011051224115
1510.1779910364526
1781.4732148263565
2057.895307718336
2310.3348910171408
2554.1864646314434
2813.018144419345
3067.096701799275
3326.7401401541174
3571.0056109660522
3831.409500100557
4080.601792883286
4348.749425330662
4615.554673562084
4881.126712889205
5149.113980633362
5438.057884793618
5724.206993428683
6006.501372925428
6301.939480743257
6591.778317263732
6858.43587035245
7135.637104427193
7408.7518866817045
7677.778094345558
7940.173257314792
8191.959007672331
8445.156540637225
8695.561252052667
8954.485046687445
9219.475654577296
9486.458381598328
9764.884597934752
10032.56663799071
10273.714450681859
10525.90500198848
10778.567188887084
11050.046801377895
11331.642827787486
11615.692983073157
11892.029798966632
12151.195440725713
12419.97268858643
12676.825464896034
12933.624132225757
13206.193282822762
13495.557536572163
13784.849150438878
14063.996198839526
14337.631119848198
14614.558842218672
14904.022116055343
15201.338850816455
15490.628652538124
15777.653330056331
16056.71334382742
16332.128125373782
16615.7586248229
16905.67696651103
17185.017095123287
17480.425079842145
17752.800657652882
18017.495080426528
18294.404155542867
18572.78932714085
18842.8358421459
19115.164375462573
19388.680873747577
19657.169174939747
19911.87393079433
20154.92006167966
20411.699948197518
20690.4599942846
20970.547445217286
21250.624894858698
21525.116466214826
21793.973980518083
22069.93253822647
22335.839893472566
22638.878520994527
22943.28944578251
23214.174840666994
23471.0727637779
23740.62330313221
24015.51768306265
24287.643449402967
24560.941910610425
24838.215557548137
25106.812568482714
25370.24437009098
25648.207453606654
25933.13728461631
26212.772938532165
26484.236901046803
26756.09551353116
27027.403117297246
27296.996835662496
27566.33429206931
27834.363248475493
28095.7840760001
28345.04251734388
28478.76517910329
28728.388402547334
28865.808415482934
29123.121795483483
29260.61072492418
29528.720762192286
29777.44000242166
30048.391388955653
30324.913026002334
30585.60387212789
30843.458165732405
31125.5596819336
31410.923575052686
31682.859633834574
31940.125031840515
32188.42076604863
32439.156361542882
32693.717291690962
32951.72232949287
33201.25846138631
33462.48726208825
33735.84781340621
34010.06485609931
34286.50171344498
34561.78479420007
34846.650955731035
35122.39346316067
35380.58296364657
35638.56965187978
35892.80733024018
36025.73430055372
36161.49178369381
36298.29258484951
36554.73783350196
36809.27487943958
36944.135391295014
37192.47288020527
37316.89267717828
37553.358745293976
37821.21960144163
38102.423212087204
38376.18868590342
38633.42487794036
38907.0870032399
39197.173740233775
39467.66752006095
39620.29402854014
39767.64575732769
39912.50837939036
40054.649715179126
40200.907296358135
40471.59405153475
40727.179206198736
40987.5653019879
41255.54202935719
41522.595038464395
41775.63575942482
41919.452324169106
42191.28224023852
42473.0711745571
42765.06751125519
43037.311892449776
43162.74261546373
43436.288824795476
43588.002425693376
43742.07308426022
43906.39566751655
44187.67160172397
44468.471705280506
44741.092764566456
45007.0054692444
45152.85651694991
45298.36941271132
45567.11827665975
45716.35181378794
45857.78898331878
45991.781161630206
46253.93538378526
46516.07798081401
46657.58358740182
46905.52896473273
47170.27901130956
47313.319382007896
47449.48118527201
47575.51400412064
47695.23040827141
47832.29690558124
47972.599977208156
48115.11655088155
48259.68853587809
48426.894389314504
48642.11114209734
48888.41325256104
49152.368023525596
