536.5663494243793
755.1475957533173
876.6968454919851
1250.9914916492482
1596.4582500246945
1941.731449950678
2377.681657878494
2740.596010223028
3075.1914894469382
3452.849598173162
3866.7895143124606
4374.508754477398
4888.395239126134
5331.114057514257
5741.675395796589
6187.690445161598
6582.883671611041
7079.507170488359
7519.712479803375
8020.989646894602
8511.321540676858
8901.087002190501
9396.076169558382
10004.367338622018
10081.58816058819
10160.272136443302
10736.290720410465
11236.944804905852
11676.911140808857
12241.861410340014
12435.938063986518
12939.834856564621
13438.420966001746
13978.193319531209
14465.040774324778
14970.521741932467
15462.80719941965
15911.055165208016
16372.454336885312
16814.375116120744
17306.200520877803
17862.209243813202
18337.143658086323
18874.449823035022
19489.385590722668
20060.656684934198
20541.114248025595
21056.04288310226
21544.45899425192
21872.041156987754
22297.7011857327
22914.33740452874
22934.746385249106
23161.153273854285
23157.83922437507
23152.7839752921
23383.93185077385
23610.927393445774
23708.863521116
24185.69722068816
24577.248697169463
24945.703880411562
25332.786455551184
25493.57433952988
25641.48485225484
26063.67423648539
26523.328839627502
26953.947514255346
27109.258699495993
27500.10397029753
27785.123728768478
28279.860194849825
28614.93746780852
29072.53203852427
29525.380332413253
29696.088893544726
30208.50284226117
30797.555304027963
31269.599538040675
31440.05943086564
31643.957977593487
31766.243122272987
31807.041195945287
31898.760887648907
31995.015895540786
32086.232593680354
32233.56979969022
32278.362626276372
32348.248604247063
32439.636299831433
32476.686637586557
32590.40864550161
32692.448621296644
33065.11774836044
33444.485704671264
33600.855857885734
33754.98372952982
33887.71806343528
33926.48741741684
33983.75363777909
34110.10165340266
34127.45974543499
34446.84575759425
34781.73747089636
34904.44844625188
35160.68331174142
35340.05450400893
35435.96529635576
35438.05569449602
35458.740677546426
35524.77621939691
35687.84856231768
35788.01488522862
35939.33115328019
36008.85931854353
36477.48798575442
36709.749934007334
36856.349252030996
37202.674495418265
37321.13092718773
37466.88871177482
37981.12439711975
38140.55048672787
38187.39517264271
38620.24312749209
38762.325408350844
39110.7912726947
39629.86108907336
39908.295834160286
39921.649632501365
40365.394741229975
40651.93474259987
40656.32678700283
40890.801254662394
41055.965058147834
41081.69064093328
41521.55707969623
41613.5042995388
41615.25773325938
41620.48383098957
41696.906835667876
41970.117652675144
42161.02115801531
42238.97108771921
42312.71763083703
42429.55542855384
42664.42978486578
42884.001777265876
43358.26423178463
43388.159755059
43480.19421102922
43587.38805573551
43825.725436097826
43899.89188749779
44030.001023749624
44055.34136232192
44099.89404382759
44166.48081673117
44283.98602996411
44419.31698768849
44465.82249885359
44623.665319868735
44952.74819006835
45240.930939593025
45359.871444356046
45486.92370004678
45575.43146631652
45660.59109502049
45739.4205738013
45819.51700270069
45854.84763035017
45996.94555363816
46056.59463621734
46100.59359714193
46137.42899377992
46186.16946376737
46591.319253326794
47270.39984691086
47656.32324198774
48000.598869870606
48146.90338768036
48284.324784228935
48445.61899287834
48585.949580840424
49150.62950178356
49211.913258861015
49748.016466453126
49981.376487847985
50036.91868644643
50237.291194329235
50362.08575230026
50401.283868009894
50460.22215918706
50471.76026133005
50492.78083594333
50644.4434210569
50670.2844325359
50833.61792228791
50893.055073961514
50906.94721611334
