31.402817171220587
200.67313497807396
361.81162023369734
644.9749702932501
903.9308175085039
1164.6820811855364
1436.69055775247
1719.3819406144603
1998.9661487367653
2266.7479403766506
2518.801503491788
2763.9629478488664
3032.580909356032
3303.992691871543
3595.8402761505554
3863.9814264861925
4122.942159186322
4393.148934334339
4652.114139026749
4819.733842244383
4981.199870727711
5159.4700990346255
5325.4293827630545
5480.562773180815
5712.903750544604
5884.014872683681
6118.613701985682
6254.97527194547
6479.551020450796
6714.947321622256
6929.313815989452
7102.031799523084
7374.634509518081
7676.805015134462
7956.757431886739
8224.392250334744
8506.00544600444
8798.853542770514
9088.446615748548
9373.391497386836
9641.92632969901
9896.846054354037
10193.56872088577
10488.702013669377
10776.624559237576
11052.096428198098
11353.659815698978
11501.457243045545
11790.843123817423
11880.749041005045
12045.368875187662
12326.911104051253
12614.047391421522
12750.694220873003
12897.689386710723
13161.13202384998
13329.177671457353
13483.007678738706
13657.61231958272
13816.558431337555
14088.558975827129
14289.295804103142
14454.725774954917
14570.734776453364
14721.589766215171
14888.001619086734
15050.099317715556
15173.385577317846
15266.463905248758
15369.05063136625
15504.950592327528
15572.540703092183
15619.030242410528
15768.41666156203
15966.297973035997
16136.750579003474
16417.97968849911
16573.31305439324
16683.76020037386
16940.597996158336
17094.03952061611
17392.466449092728
17702.320156679758
18004.062957967573
18300.58203729494
18459.198951669343
18601.49435332733
18858.532233776292
18995.903691169406
19146.91224090689
19423.21608357402
19647.183649611405
19662.284940224334
19784.50295413788
19881.632428035104
20088.490953170436
20171.894838480654
20430.717125453564
20616.209258578827
20691.17583189662
20929.80450990315
21068.785393049387
21207.7832725
21474.5895180774
21774.11025433182
22091.26051100022
22350.87454196508
22616.81460603436
22857.066974067282
23113.16226171308
23364.39321304631
23610.684102013227
23909.76173814861
24187.364703026065
24456.15334390818
24738.71235955509
24895.202186202874
25129.45933453399
25409.72344657481
25578.22505695438
25843.245628259043
25996.29141277178
26259.74550569992
26430.743954834063
26644.494830555315
26836.749335131084
27040.599126843288
27254.917042247194
27522.18828711912
27785.82825697551
28037.846664368153
28237.140185994678
28429.850607813547
28555.502154316942
28664.10748638118
28768.190706981175
28852.725705073466
28970.109863620517
29114.069266011884
29339.458573660904
29451.349110193438
29602.60336670824
29664.712903821917
29828.584938560354
29869.503237993133
30016.4624116972
30221.656786855943
30472.61780998158
30741.591627874914
31024.474057245458
31253.172088401763
31510.37000549607
31661.099675862104
31805.745040077494
31977.318343168583
32140.64685214282
32279.136657557938
32393.528006817894
32456.287526354223
32498.668386234174
32527.630146865093
32575.25981423249
32659.849275321943
32782.49837715766
32971.72647166533
33096.080707207424
33196.84438231982
33307.07634955916
33482.155934505
33671.191374547845
33864.55370726539
33966.31508675477
34073.700968998426
34136.687908003005
34350.44964684816
34552.91701394496
34644.836523358346
34799.111655448956
34995.28758262178
35175.419749781446
35336.15056144554
35485.26513956881
35617.02798668321
35810.637825208694
36038.712818273634
36167.24223986557
36234.99656347768
36334.60040994967
36410.029421888066
36539.224131815834
36666.24931814206
36743.16680131826
36777.16584508487
36848.221362067576
36964.12510805388
37081.82080737437
37248.72455675638
37448.99560142414
37504.29760578484
37681.26501292656
