79.00685795093895
79.00736187888263
79.01372605273694
79.13092374594537
79.11596362939837
79.1270221841333
79.13176668106841
78.36945103148499
75.79394945641307
75.79544805282926
75.64010306055508
75.5857155722022
74.98169651741291
75.00999142546296
75.0691451637571
73.52212929776515
73.31581154484769
73.35859683205274
73.35822982635678
73.35271055905486
73.35158234340382
73.35003817412438
73.39395556263669
73.38078757033149
73.38287163024465
73.3828089055966
73.38430360278534
73.4001428553607
73.54276561301236
73.53080283221952
73.52961011660327
74.42452485217268
74.29646487153308
74.83848894128317
74.95800513343507
73.30387275259211
73.39221282126145
73.38170581885238
73.35638547992447
73.15266226719724
72.57392276948636
72.53850335596054
72.53757287516426
72.5450220653923
72.53188115957083
72.53636533398284
72.53032101734817
72.50949619063755
72.6084582733168
72.08473642407971
72.09757608120134
72.1012368997769
72.08237438637597
71.50000647514793
71.3250189593633
71.31963251704829
71.3688025746704
71.24545393171533
71.29247306328318
71.17807824929554
70.73818070174126
70.58753129335145
70.18492823622032
69.59960836606336
69.57877872206971
69.58718408778891
69.56681359960474
69.5682025801571
69.54980735510752
69.31127602932207
68.90141026315317
68.07449827379241
68.03038769286202
67.78442818603132
67.36716564211589
67.2436607721565
67.20770223717929
66.9308469075409
66.94875688425923
66.92553614476104
66.92511299091434
66.92449912940478
66.92205752162181
66.9209637845011
66.92125429423385
66.93418654855026
66.86073643486668
66.15788276058363
66.2614120883086
66.1969748334839
66.21095514838936
65.98644740257238
66.03261736680481
66.02973902163681
66.05149424135352
65.84143354002947
65.84299715310362
65.84082655763692
65.84044381524706
65.84361020684122
65.85537619512267
65.85049446950079
65.84166736214213
65.86113555716004
65.85740824107808
65.81195655721073
65.64752450166607
65.4539312108052
65.22486197908232
64.57012098689634
64.89188511267774
64.78442821407779
64.53910860989987
64.53284276546836
64.66133692306606
64.51906187521396
64.42032027682632
64.42859757077058
64.02414862025887
62.213923811687415
62.87301219750419
61.761495465124675
61.314099814573154
60.87941093413423
60.89915161515897
60.90185100759006
60.91620347690521
60.92651512814207
60.80267298247236
60.80037221222846
60.72445785981213
60.64318858146132
60.642265661853365
60.634575603002965
60.65465757676374
60.79909765836068
59.04650948755555
59.044735091347064
59.233850946720715
59.14635272772239
58.85654209051317
56.36090744995274
56.1188877237294
55.7207284758062
55.74199339152788
55.24119113872667
55.49490576247477
53.87477807035404
53.84222268757627
53.644842257554984
53.60894500803059
53.67949584104713
52.942655912625504
52.97017226570679
52.78328602538454
51.910684782929586
51.84709007824244
51.835849753680414
52.15757239725677
52.090484248520745
52.081146856500915
50.02795465860267
48.95272662583205
48.57293874264978
48.52203151825838
48.521605500945476
48.51994645710735
48.47073419455968
48.445479370530755
48.4373767981292
48.39290584361881
48.48968448606641
48.482235850878034
47.81880383373803
45.69713358528739
40.98352915277493
40.93230018069608
40.64455958566062
40.64699451958779
40.213592221927094
40.14596426769548
40.14791951844424
40.15298553130899
40.14952701831888
40.14330904358494
40.1574263632497
40.66412303816565
42.2971424130664
42.2901098311025
42.285535496972145
42.08257559307798
38.86732310636449
38.312740344711145
37.61520670124252
37.504408471646315
37.47667568354822
37.28715921335704
37.42280772729924
37.146927925711736
37.11390301433728
