79.00685795093895
79.00736187888263
79.01372604035747
79.13092204450965
79.10452012743691
79.0587488398647
79.55279928843471
79.60577117033615
80.30989778306432
79.9288790859956
79.52974832266955
79.24841803752928
79.24173654889977
79.19027775134755
79.14309121950046
79.10676534030632
78.25674616524127
78.14357009347358
77.39578625056072
77.60259750076308
77.14667412311016
75.66596575294162
75.67279698322794
75.66730704903154
75.68152207861354
75.67865257968899
75.6716747761136
75.61855150545307
75.64336173035011
75.83693637992197
75.75498042501377
75.78878954505655
75.82347833801131
75.84588013359526
75.7861459374761
75.49936829963
76.01674240950042
76.23918200158279
75.07560796993555
74.46354087231155
74.58484490638412
74.36604879619718
74.35707768955025
74.35563524058816
74.35588548095069
74.35375266879402
74.35344029841504
74.35047299467179
74.38925227444702
74.32693973698719
74.30562269171041
74.02053754383225
73.56089647714496
73.487702825015
73.67335766404841
73.23631093874505
72.67809278122512
72.52879763518892
72.1578400365758
72.21023029204233
72.18142895567695
72.15252492348057
71.8632158584045
71.77113402624404
71.1266017157866
70.5636860673107
70.5936829090926
70.43534336174426
70.45777515842475
70.13045999958862
70.01635325105958
69.99814681496109
70.03433121971023
69.70949664390263
69.22258181802205
68.87507807479047
68.61393167517464
68.58725482054666
68.37432312852266
68.96839794932565
68.71440979138438
68.54222173966983
68.49444681252423
68.49682746943846
68.3848576442267
69.22147638820329
68.41576564643032
67.0955286439058
67.18167362786069
66.55840790420775
65.65984509602816
64.27824440430653
64.2755250256938
64.38661430268827
63.66093166656684
63.70665270421027
63.12270021214648
63.05877879329094
63.017343392962836
62.997334669254116
62.87262299918088
62.83057529853678
62.83406958391655
62.85438460908988
62.133500667304176
61.07484066483848
60.992960182264696
61.02757961325281
61.07176136902844
61.07057121367093
60.981918776556626
61.11207964184804
61.20147941166506
61.182227043002804
61.17200135515105
61.14117153558218
60.865295411929395
60.7393821012869
60.73048569762224
60.74718257394633
60.85318714801173
61.02166282827741
61.05502723415887
60.571628632208096
60.40534930001709
57.820558989707834
57.07057361811446
57.22298820939039
57.28706328155421
57.304444908460844
57.1304721106507
56.95170709110828
56.96029272209209
56.981245083757095
55.653743010572434
54.50111970755207
53.2944627495913
52.991008900091344
52.992254153262756
53.06829042489584
52.947389691793134
51.2836285810288
50.384080722311175
49.702017310145976
49.36133674682667
49.273799494440716
49.2861726083499
49.02420291516556
49.062189901488495
49.326081564885
49.506238915114984
49.366177908183445
49.37100595849481
49.292934997492424
49.302719006919645
49.2849921968482
49.28876026577762
49.28511120511835
49.286170909650046
49.28612079978327
49.28543158436241
49.28598803431251
49.28584714594984
49.28514051808431
49.28813753855532
49.181097167650194
49.104902799841156
48.93948070449859
49.0657267931817
49.07810423497497
48.077784091145304
48.010441837430996
48.005559980935985
47.979961195208055
47.86456619162678
47.85457741858502
47.79836713029412
47.78470596517861
47.78499838638157
47.78554770483434
47.78535127583053
47.785276402729714
47.78527525069026
47.78746318285857
47.788908248760784
47.77902413867915
47.91289228204445
47.817832917288825
47.820280087304965
47.78168870516357
46.952322587896795
47.42426616592014
47.4898608957044
46.47299578434982
45.68388396708637
45.66694085393608
45.66625461324179
45.63130634910186
45.616745483073394
45.577209704917706
