536.5663494243793
834.4456946684454
1139.1141182703595
1404.9458324826592
1737.691452857388
2089.890928826349
2497.599839622203
2982.1669042081044
3239.4256073654815
3618.2968736266375
4081.0809094977376
4450.924812957396
4881.845489998188
5389.956447443227
5895.00649693712
6410.798204363421
6838.895392975796
7261.798584507099
7745.923494768586
8253.22350239507
8739.112841360702
9226.796913180082
9622.286152934756
10043.177868924158
10526.856110985547
10881.362961796387
11003.24632758743
11418.414237689143
11876.90329597199
11969.49140530772
12428.286157897579
12890.899109908069
13192.101092798002
13730.842357021495
14268.82290762877
14749.78458901768
15255.19649371593
15756.42965289434
16275.856232738779
16783.85408699903
17294.641998997115
17796.26494372826
18318.39850724814
18827.5456804719
19352.428654586824
19861.601574068885
20369.462639641766
20858.239928061343
21386.437897754087
21876.963943041905
22385.237452833684
22914.37346610982
23453.359802217034
23968.885786974937
24486.05386913534
25009.31059772493
25552.274571197824
26080.018619834962
26626.61138008076
27162.80549444636
27684.939441662096
28214.655076279083
28784.201975399377
29349.473789198477
29878.3804139703
30423.57218816298
30947.02868876082
31454.395784724224
31995.640144241544
32571.91412389289
33136.09411767976
33713.03823345007
34260.071768659785
34813.36898447343
35374.462434001565
35931.2517055931
36551.702126226286
37112.23822767127
37613.38649571155
37878.39859609039
38122.29920204249
38353.058668081634
38474.913391966445
38844.84596877344
39307.62499453245
39908.90693028255
40441.34990751702
40989.64367503572
41509.91455895201
42016.16075482149
42556.74468498709
43121.93850576195
43657.035499636026
44093.683883274876
44638.525998836325
45199.31634346367
45764.96230210307
46307.01420265269
46878.63979601392
47449.038838615335
48014.463917241665
48556.97267475271
49136.488617474126
49701.59650294027
50297.20384552977
50876.86402964255
51415.67403641866
52005.15961826658
52587.792017787935
53148.01622930784
53688.85112446164
54283.52806012126
54873.75888597402
55464.24777046204
56018.33299094181
56588.911869143536
57107.428376244745
57671.3956296293
58190.7888410174
58740.36636953949
59321.50023127761
59848.99275416162
60389.60871092615
60953.08159893593
61503.07757881886
62113.160798581346
62703.09282447106
63297.1502485571
63866.53492591114
64443.0589581186
65002.25269190869
65582.73769134484
66163.9362647758
66749.1162996062
67311.8675791374
67869.19888922162
68554.62497846599
69195.28350210251
69809.91558030454
70261.38460077389
70774.24169821433
71412.97662472275
71962.49182208264
72425.77868983541
72990.6671356624
73622.94740998377
74270.09327951123
74711.70299501938
75214.29645555315
75709.66421325615
76389.08468805334
76962.47497450793
77613.63757262277
78143.79169096288
78870.91432869178
79013.71496633245
79491.96054672741
80036.09409480022
80555.85941826999
81079.44699830182
81674.82522487907
82262.04263423056
82873.2985188847
83383.32645077529
83884.2726367882
84340.38253310515
84899.44669091368
85480.07004419893
86071.24733020535
86651.18002794232
86822.93018003907
86875.01629155132
87457.11542251005
88010.32950307352
88541.63881242991
89070.06522627395
89499.58389010864
89686.10273484454
90224.86870823584
90733.93862949789
90899.10141684534
91233.30466155898
91403.83920369063
91519.04256979135
91884.86660504916
92267.80555790085
92593.17511678785
92765.38543720868
92755.6431133843
93242.61815202699
93936.98538642278
94480.47133593277
94992.40937421017
95120.49984382861
95540.35003519492
96159.98658821681
96269.56826937961
96441.0673292767
96770.16426716058
97355.4777924699
