536.5663494243793
831.9800711475291
1111.7058782117408
1397.1684384027508
1781.5618329064716
2109.9784735632425
2508.9131674265395
2883.0263872026208
3332.190416992192
3737.528073890047
4156.7626068238715
4580.886491869936
4964.405389257081
5441.021753133103
5925.194312044729
6423.901387665633
6900.611928829999
7448.37344783966
7881.011880349054
8270.047171238932
8739.125563723515
9210.62939681159
9615.782236896786
9988.042580220465
10389.111663379917
10792.045327865206
11300.845514653216
11741.705145739854
12270.01842115245
12744.142561148357
13264.16251793039
13727.08810828011
14233.735714519533
14723.737975468322
15205.286712103578
15612.320698922184
16128.962268713462
16648.778341717025
17151.549012671097
17589.62730200426
18069.638687288505
18587.3763109
19023.063968267965
19493.40022916692
19943.08358935462
20454.506389895094
20868.305946235585
21322.84195759073
21504.370978993433
21535.0933468782
21553.77454904978
21868.248182292537
22015.29587461669
22541.916246321027
23088.36265518467
23596.236581715435
23866.11292644323
24449.561377886992
24454.428583608053
24483.221896454597
24509.413932920237
24617.990318945296
24808.76987489173
25259.532974789665
25895.580514491765
26483.412109455767
26961.338781898186
27498.185577154836
28130.857256028707
28631.416394620977
29115.325812018305
29747.62516452402
29932.65115745627
30016.04638786265
30262.725788565185
30530.133641948563
31035.585240658605
31430.77587482163
31583.24327022894
31857.8432485928
31986.90367905947
32210.306794423737
32381.2811454201
32397.7554802279
32462.652660429765
33050.68352406925
33480.068658803095
33789.04286681758
33978.078557168825
33969.41510585248
34302.11623554031
34308.27105230238
34315.570719529234
34342.50636057462
34344.26011949434
34528.466285431394
34671.10038359002
34725.276070698324
35008.456182766095
35187.70086524355
35744.61032639949
35853.359531805865
36180.83822905376
36559.642874368394
37192.966232305975
37513.39497855061
37535.343923657296
37962.249180870735
38016.41902839262
38519.75827106285
38582.88070930363
38974.54740176915
38989.48078972051
38996.92525397439
39114.30592528418
39591.064290323935
40199.09480636774
40837.03875890393
41360.30718436254
41564.08144308984
41613.489703748404
41656.760298624875
41685.49722299249
41808.49951720459
41840.92362992959
42218.27432096815
42254.72486696746
42275.194218197255
42448.58894782387
42667.71296759388
42732.319018414186
42843.56817733587
42847.71383025673
42872.04729378956
42972.57137183667
42977.515093766495
42971.01957405771
43375.12294876709
43758.71931293825
44092.12473893493
44211.755412951105
44264.31713882382
44256.02988873227
44631.802908945465
44915.464548146025
45016.35859508623
45184.73025168698
45253.230515010255
45443.6950546858
45663.42823001329
45711.39258695562
46078.54254942739
46193.52427218162
46583.38440550624
46795.86295474157
46815.980749417926
46811.25100695649
46831.54746965542
46843.2244835416
46971.281126106165
47088.21136600433
47213.265724972734
47292.985664971195
47337.160453539764
47355.00453215991
47421.629911004835
47498.331769235694
47559.927446951384
47593.42687781295
47610.5062922263
47625.220836283755
47637.90172538044
47650.03964325305
47773.91776895225
47827.53662109945
47837.13709209094
47893.204768138814
47922.91702798216
47945.57369100184
47952.24680444326
48054.20551424722
48127.90918480338
48236.411543581446
48269.62714686994
48331.12406355012
48402.81785596367
48535.60535578934
48558.91944888665
48569.67991298405
48587.12878713739
48591.500694847906
48610.94668723008
48602.058826160865
48632.050177942336
48658.970106062494
48721.32198387454
48756.51318105394
48932.23134672034
49033.14528145107
49439.83671512001
