-23.843508546680223
-48.5913308948907
-70.24116857783433
-112.09995430307008
-161.20073853074132
-198.41675847120808
-218.62575843440277
-217.1085018513782
-221.3695561151017
-260.41874945117
-279.78056847041023
-238.56205423361897
-198.83155394405935
-191.54742613863573
-182.67488878334157
-183.76920042190375
-186.64481386800836
-197.90571534820225
-206.06559937271695
-189.8879456783873
-188.18609173395032
-206.45841319981713
-214.4775244220721
-218.6737301621386
-255.11528347518242
-289.9184328889096
-316.867553778068
-348.20751663737803
-374.49159703283186
-406.0485770362208
-440.77586742559504
-456.5630258989613
-475.5786579784231
-509.36381067257696
-544.1091799374362
-574.896461523806
-606.973280384892
-619.4655414258722
-615.3233533650621
-590.5803967691306
-584.724659042942
-557.5699964408193
-526.1257010251054
-535.0916809186085
-565.460783857641
-596.5964663684756
-603.2881910945158
-611.5400481743189
-616.6700320258325
-595.5552031206078
-576.2317283990445
-562.5077260574998
-563.934095909292
-597.7838094522178
-631.0718635589947
-631.4273072891274
-617.8292846626557
-603.2357196902076
-587.7444819642304
-575.7033103791056
-564.8757808563562
-572.3233508743529
-598.2608998049153
-608.7767213670868
-607.9201281216397
-602.3031093320069
-573.2382012546647
-562.3663844056158
-573.1979988701843
-582.9685851949278
-590.1788674058806
-597.7633384993226
-597.6849257112251
-587.0231747882573
-584.6785144825154
-611.0006629150945
-640.938245698395
-641.0036637062374
-636.1360998304004
-643.96814119557
-638.7115859067592
-621.5044437652448
-591.07689534595
-552.595461350626
-516.8583315350505
-475.89772839111504
-470.0250662525558
-491.7520746126209
-485.699651308759
-473.30692350318157
-482.941969992315
-501.4110555576846
-507.4718257722534
-512.8064450841136
-513.7865173972607
-516.7655195623582
-520.8279913868047
-531.7529693618146
-564.3940812428087
-583.1683280328629
-581.0362913495188
-589.5312479253854
-588.7429737744837
-599.3134971669109
-597.0122453587164
-569.0119993756041
-542.3750099992415
-538.3505837735621
-561.2772681257409
-592.158749266624
-611.355227200278
-626.5794004320827
-660.139808581518
-684.7496117333715
-689.6499776505085
-703.8512172186648
-702.7521433530434
-697.9634136506478
-728.4650058825479
-757.6373618889769
-759.5855798176091
-763.7947725065624
-790.4686952821778
-812.7883816853674
-829.4876468479466
-854.7128866453197
-871.5185189750404
-866.3824584723308
-829.2524778065267
-808.0514845708643
-812.8205756641048
-836.0029574687037
-875.4074274777466
-928.2479172071905
-990.2709311736883
-1016.6213828071881
-1029.7389945019934
-1023.9756780540546
-989.6106508223339
-947.4079106457558
-926.1568192446209
-924.9981432715599
-934.4923027540854
-956.036551896267
-982.4124031661246
-1025.3091667895271
-1079.549514798546
-1109.9821144332861
-1136.7431984442842
-1158.3724920140808
-1176.5373411308353
-1180.8448652842712
-1164.604723915798
-1150.9876091719902
-1156.9767688166196
-1177.1033894279105
-1200.1009448612463
-1206.9558682838358
-1196.332391029921
-1177.757096931059
-1162.5976750633358
-1144.538688173817
-1102.526659226816
-1055.2394083661763
-1037.134048219077
-1039.6427052856327
-1048.5790534966584
-1067.6797766474679
-1079.7860461804898
-1067.4605290377276
-1035.3424134173556
-1001.5432105681001
-1002.7131152610126
-1012.8886580680303
-1035.1250378691093
-1082.692791456832
-1127.507913782352
-1120.9801651912421
-1069.0888996112417
-1040.935043427907
-1043.9553443672582
-1050.4684457469864
-1057.2687202695895
-1045.6757293898524
-1038.7486122292576
-1029.1983702260495
-1035.8039723660197
-1040.7924565226986
-1041.3920731632854
-1045.7661648107176
-1047.2249556280074
-1033.141883727666
-992.0413676584687
-963.2959732168301
-962.2128834316366
-953.1540176512476
-943.9049027643433
-936.912647350169
-931.5710319965721
-930.5663743641496
