536.5663494243793
834.4456158563485
1139.1134029447774
1430.721869931844
1757.1979156359212
2165.3901795544543
2505.3068674966194
2988.0238170557736
3444.0728172364056
3864.0685046389635
4272.631752622303
4637.821195771787
5072.880989252947
5540.859106605165
6079.358841725858
6593.567220445495
7105.425551155652
7577.1757096476185
8049.142409928244
8621.032194621963
9150.506546973811
9563.50394167746
9968.046605070687
10426.528243242568
10866.213446026319
11412.04867256323
11572.806952228857
12030.714359065303
12595.49181300029
12951.826764896983
13027.885431612302
13507.035836273946
13826.13012781719
14146.467590958087
14497.32605103968
14851.043643146551
15048.510001958903
15191.739936482774
15635.608518259645
16079.09846802844
16629.086548893414
17140.45848589458
17630.699318014456
18153.661546778552
18645.955671884418
19193.19655944844
19742.1381255621
20281.641794154104
20803.52556893549
21290.879771183885
21835.95238743237
22282.44309523146
22812.98253681869
23343.10077407465
23791.132334272872
24416.069871433792
24961.840147894738
25510.076920058505
26060.158478578498
26608.70625386916
27149.64681455854
27677.28194529562
28225.7397768406
28772.39977677947
29315.1403416762
29851.85199740918
30385.256765424765
30932.030907720535
31447.3677124491
31950.928021179585
32443.449859621534
32982.33544579529
33464.56988783732
34096.98627786414
34660.01691953982
35221.309101893654
35796.67621272341
36366.56083199255
36923.47159646521
37445.799369034314
37996.0219630854
38562.95256114995
39084.62002781317
39519.96456853012
40152.08380789959
40744.73079224045
41284.969719663575
41849.198509937465
42424.19156111343
42964.436612423066
43517.10045903275
44062.03541770831
44592.59165994655
45109.03004720488
45602.355936004395
46148.3046382093
46697.386500127985
47282.86417527541
47842.83979669167
48389.063028244935
48927.55053666135
49490.4147961593
50048.25319095554
50591.3978943804
51047.30444462856
51589.989706226246
52141.05772118696
52691.72330523765
53230.01861900398
53793.15568129022
54348.135617152
54921.37097296668
55401.4560324066
55943.51188238633
56612.81815284696
56842.21116846107
57236.66590754314
57538.625993132875
57996.33355159019
58522.52915464516
59050.15478740904
59642.712398221396
60238.8946324699
60825.27245366017
61211.90244043988
61580.30073843107
61689.116199003765
61715.21779666079
61783.92127169696
62159.47136760434
62631.064704057346
63084.20518673197
63669.06750462922
63968.01758744762
64492.475073565285
64746.530877343495
65257.846222983964
65770.58609302268
65893.32891829887
66350.83604004422
66911.93013017178
67488.2098539233
68055.51884131199
68625.54383585454
69195.18277164402
69746.55170303961
70318.98769376733
70788.41754209429
71356.03926965666
71933.73251379003
72490.30557312192
73064.00061061341
73639.90372556038
74212.79531419424
74675.7980127132
75041.41222009274
75548.16094596076
76119.75085565959
76695.88211387284
77266.74032719203
77847.74570293685
78348.72935278596
78824.85088005484
79401.68734273963
79980.66942525514
80513.11153699919
80819.56064952775
80890.67258170781
81169.69469292148
81710.96066441138
82297.75963369035
82795.02232948242
83104.85921857752
83166.05228691066
83458.42712889319
83918.69720234559
84566.4251308904
85080.12328658251
85246.52705458054
85554.64980638647
86106.0386101175
86325.07526278507
86412.59798760542
86443.19799053986
86457.06407611616
86771.87711801918
87020.01876311345
87146.59104698003
87263.17635383965
87455.81561012009
87939.24315226801
88572.10195206298
88865.30439541131
89289.17584090716
89982.53496703274
90002.47203414635
90349.68115856014
90562.15927382764
91270.71098189519
91468.77487185816
