-3.3990752276420224
254.93719983796558
503.0224312733716
746.5431227102813
994.2658053801877
1256.0566258627798
1502.382407934012
1781.7940817222072
2042.2941195354397
2303.9583729640885
2562.0690217004308
2806.997025171694
3076.707624324633
3358.0026074473917
3655.511907476927
3935.6182871538263
4233.55177777221
4518.1021644842685
4803.141621167278
5115.536579117469
5403.6512265972815
5665.5808050901605
5919.832430654849
6182.366704699882
6436.948261034582
6720.799854751126
6870.642166568756
7044.851299443373
7338.336046321225
7501.251003780798
7636.146841792558
7864.11909975968
8021.120888258509
8173.010271522804
8322.406517617652
8481.897244895657
8643.473859847345
8797.980540961358
9070.80619512898
9340.102677174002
9626.095194587935
9893.390273510422
10153.67890755783
10417.480177328838
10685.586825946859
10974.408145387446
11263.260751722339
11543.611489784365
11810.49616706452
12077.340854513524
12357.17265243635
12615.817994326448
12890.781687724466
13166.313103572053
13429.774232307895
13734.263308145622
14019.47371771831
14302.67025551056
14585.31236943874
14865.278287601988
15138.73304378751
15410.990681458368
15690.695940104686
15969.357273707497
16244.546026756969
16512.99078619217
16784.294386627003
17061.253578961798
17321.05432889016
17563.294816555062
17813.124386502237
18093.372442004747
18360.665261387778
18655.75132973971
18932.610473911987
19217.615711529164
19509.54381865804
19793.69869160216
20062.704138260902
20326.18239213163
20605.558172376124
20879.62729734292
21133.58629011716
21376.62247889743
21674.9656722471
21958.386300540056
22231.80957927388
22513.224978969447
22791.46543651669
23061.169790597418
23331.106668215638
23594.362444039434
23859.784939568588
24120.0782176287
24372.729653164733
24636.93409895652
24914.739644110465
25200.130521490148
25470.112554130563
25731.887295026172
25998.07639857502
26271.990153446448
26549.53431993741
26823.247791239708
27072.50813972311
27341.52938959755
27614.742492513742
27889.465220676015
28160.88419749043
28436.90765973099
28719.86818111278
29003.44168257415
29282.703156470077
29554.843265724146
29852.835991666514
29999.153415372824
30158.034954712024
30314.67668134984
30586.99636484489
30851.40605911559
31010.82027156331
31286.420587304896
31567.893804543633
31861.823849321565
32026.950126766616
32281.46343409864
32486.433599575834
32627.615659017534
32805.4935481919
33035.87832208298
33295.27618252774
33563.30730789324
33841.770811705224
33994.61937523168
34152.20597794855
34295.87086615432
34554.137256816335
34810.484162080684
35041.73755106049
35298.002972453396
35569.94160534143
35849.60322215118
36131.52822127784
36406.62237946711
36681.039882680125
36953.365247309426
37221.19510127808
37469.836854609566
37737.26845871151
38005.48087063279
38271.831994927124
38544.8276070704
38816.78317549682
39084.6514338748
39334.23921399705
39567.200877108284
39827.50185075295
40110.707118696904
40398.523050347416
40684.72788145897
40960.067069087745
41206.6561037548
41457.60670259293
41735.60065593807
42005.3911040313
42266.848897800606
42533.039954122316
42734.134029246765
42961.79227794618
43235.89845917548
43516.93769846488
43778.43671545017
44051.26883760735
44183.417796840724
44414.05653194761
44659.1964642417
44949.54223545679
45230.32369830032
45466.04958989901
45683.06060501279
45984.984592668865
46227.36562758937
46427.78102328583
46568.07192096118
46642.36756396633
46888.80916999215
47139.24904193065
47315.905906488515
47509.625567824456
47742.49869624986
48010.327471414756
48303.237676583936
48547.86841840848
48799.32365143166
49103.04625417736
49158.77486100358
49312.78171369128
49466.34412733358
49774.921437885765
49924.48028679976
