8.522679045698089
279.2328775600433
538.1431335870147
805.218087168197
1065.1802315476912
1320.5274993911173
1589.0071915838867
1869.0072273068727
2145.321368401882
2403.806448295814
2678.9720337840054
2938.2703577514208
3210.312101614536
3485.4934464484395
3757.6367455719947
4015.2777350285705
4287.229762209946
4547.463735081774
4800.726114247663
5075.838117881933
5372.077343925438
5654.375105661888
5934.5424171717505
6199.115864917501
6456.775298986446
6722.863183273983
6990.884516784022
7259.089732126771
7531.089820292769
7818.357855956866
8106.678826515469
8383.293885963081
8656.950996502617
8931.482473795599
9208.841530314612
9484.617871681341
9761.76214614113
10037.466074204018
10314.429041945543
10590.105105551615
10866.86360349103
11126.46282004392
11403.508437974297
11677.050065529005
11935.269639139651
12188.360788320368
12463.350133245644
12739.164385898954
13016.860360666957
13285.886474007002
13562.267598027323
13837.157623171559
14114.629215507679
14389.727878732047
14667.346661884036
14942.446386490506
15219.642835420296
15492.63581227419
15767.873070813715
16042.338441046562
16308.176170715009
16590.373208651647
16751.326276454292
16911.022220894898
17037.040631520267
17218.526705826367
17369.996784734147
17564.943039153386
17692.858089180503
17859.411841703077
18007.151724644325
18273.029643241174
18541.975192656802
18839.12459519079
19008.21021803193
19177.24589727734
19335.674403284775
19573.34263386879
19820.319685981463
20051.26516970994
20290.524668962233
20565.45588708024
20838.68184411516
21131.780587322926
21438.00545161998
21594.180690833917
21878.97315949796
22154.286134861708
22427.553881485466
22728.470676771816
23005.981198228634
23266.73665452506
23538.034533894992
23814.165562279217
24091.70128692137
24265.60409407512
24515.5796647098
24782.968444453385
25055.000827639884
25357.745425558816
25619.66202796771
25828.77640041478
25980.046670352196
26210.69240961704
26420.025917354506
26698.179192334042
26954.393884773068
27203.729045483597
27462.926822814177
27624.345756354232
27898.090185021854
28152.96080720718
28401.30196227213
28649.818381545836
28937.192934967192
29235.16330728558
29509.317262109853
29788.25318256757
30064.417779081203
30341.44677300286
30617.1452454358
30894.65554963641
31170.408306271653
31447.468755341695
31723.14779751074
32000.147723334103
32275.160585577854
32553.31502185089
32829.157819144035
33105.54327122599
33381.13788630575
33658.776592836715
33934.564271107774
34205.71976616731
34483.1609502422
34758.99703734366
35036.131510106665
35309.07977707555
35583.077423871306
35860.503304982434
36135.54717937613
36412.92662075358
36688.70305020486
36966.143396703126
37237.90940256626
37508.135119958606
37787.8734414491
38063.13054559254
38340.190544054996
38615.850621550104
38892.715468104645
39168.39334355536
39445.82021558005
39721.586114877726
39997.8106789491
40273.39731730119
40550.82063591181
40817.516354118205
41078.94635250517
41352.727584617685
41625.134483629765
41901.36154825477
42176.4675473682
42453.83724917042
42729.59593994954
43000.27235396888
43275.734573217596
43579.1471374136
43745.413819171474
44030.75804312324
44172.569191332674
44449.21342545183
44726.39058650614
45023.89311219378
45286.931911050204
45554.12182135525
45825.61474081973
46073.970076046535
46334.75430564587
46582.47521931343
46875.17628572607
47079.8327939166
47342.32415688984
47645.54004717783
47925.320491963656
48219.30978847733
48500.17129456355
48776.03028308394
49049.243363034046
49311.06108055945
49582.422072890455
49858.344546590044
50093.67060383469
50385.85667861481
50611.367652707944
50784.75186994129
51056.79672853474
51331.1441478311
51585.40324928628
51771.09943505284
