8.522679045698089
279.2328525441207
538.1429064380723
802.7540980266076
1072.985352491501
1331.1982961438027
1584.318253180867
1861.5049157560447
2136.0313423467815
2395.3150861149334
2648.1017259947944
2919.77661657269
3178.848388708615
3453.4850186652225
3720.0735136669996
3986.511843553365
4259.165394841337
4517.936313895166
4786.616965832014
5061.286603742587
5320.847111901646
5597.166375213383
5868.807646405559
6139.8916765960175
6412.559986740468
6671.370160162284
6956.691289167441
7206.130492086465
7467.950189436401
7732.624406415353
8025.862891836051
8172.869243366821
8322.043726182914
8544.314326301404
8650.062727639934
8872.234561947962
9156.506608030404
9425.671372737019
9679.893123891236
9923.744211839357
10202.546119697909
10476.28361372948
10753.329567734909
11028.852172426787
11305.097399394495
11580.686127163239
11851.842043696684
12128.67740737348
12404.405037403318
12677.861382412566
12953.823389370677
13228.723489344698
13505.182148329568
13780.093394361773
14056.894677326496
14332.57320136911
14608.59394893357
14884.137546295196
15160.087254761846
15435.620667522331
15711.568979283931
15987.100101036775
16263.141944695843
16535.802380702637
16811.922184120383
17071.500216604247
17346.68654249388
17605.98723417658
17879.806115147767
18155.396023671427
18430.458698762177
18707.029319824815
18982.440283121785
19245.52748122953
19522.11953393242
19798.57472593516
20068.335723774762
20337.24015685738
20613.450969688853
20888.708145919853
21165.069131527187
21440.64440233422
21711.79265222174
21965.603981118482
22259.399581673886
22536.890271612174
22810.30514439527
23112.25237523892
23268.281913004088
23366.682736246086
23532.9662673357
23694.054351671817
23846.407433604185
23944.70672576624
24091.526622692607
24100.11200063803
24243.929071296057
24372.967627709815
24558.90333742542
24855.239203046036
25150.42820454061
25309.298268732495
25571.87035355399
25839.784621323364
25937.91998593394
26137.3512892624
26309.318774222487
26546.737731309717
26791.40158267626
27035.30458945904
27281.202511412917
27568.13879877342
27849.313184771494
28122.830335583978
28327.834408751783
28588.10960408125
28873.548954654572
29062.253431433743
29286.72972354281
29542.54410904229
29816.94981617825
30093.018987794578
30368.673888035028
30644.82361340936
30920.39843712248
31196.41663103324
31471.975310372414
31745.302246884177
32004.40234917001
32281.368666389
32556.721108782458
32832.81992501272
33108.39453492814
33384.75702997656
33660.360089264395
33933.69760586791
34209.96052608116
34485.62494050318
34761.456377936316
35036.40326052317
35310.92756321409
35586.44047952569
35862.349514093854
36137.88603739136
36413.848702101524
36689.393497825404
36965.337012022086
37240.898061100714
37514.21573149356
37790.35772770762
38066.010258631424
38342.12020515671
38617.69226247548
38893.61869766263
39162.59183949001
39438.42191335862
39698.315425356515
39964.54283946182
40239.908860759875
40515.840463854925
40791.88087343964
41067.448656555636
41343.41492141434
41618.951655879035
41894.64719276249
42169.455251987885
42446.12394735373
42719.48851419919
42978.40816299612
43253.39940751756
43528.49280087342
43803.6202189924
44077.76263446967
44350.8425323086
44626.05270424648
44900.641350323924
45175.993211715104
45435.48689385249
45709.3452064615
46006.8235965481
46305.74599839494
46610.04519726848
46899.82806758426
47158.12227220233
47306.63261042474
47580.9741265117
47741.73524164522
48044.81385847393
48205.78417880367
48348.2320602719
48516.08187458279
48785.014887125886
49055.429191935335
49354.08553120217
49653.718725984436
49939.477015983124
50233.18845449716
50348.00049303305
50487.587735070956
50654.38380517937
