8.522679045698089
279.2328576783645
538.1433017180577
791.6692741475032
1059.5196669570028
1335.3910382418965
1600.5717755770047
1870.3153043863479
2142.9781715550953
2402.130368607141
2676.636077613629
2951.303884590796
3228.160373462189
3500.876403684228
3776.0981570366002
4051.816517425902
4312.19507665127
4576.995585881616
4847.126234152177
5105.579051755022
5381.9283712833985
5653.025415334967
5924.127551110418
6219.783912771829
6499.303440379928
6772.239196124092
7073.651410953468
7219.686446976788
7355.036060235443
7515.61270171999
7681.7472472861
7820.443313003494
7969.829356185089
8219.859876373837
8487.04934438274
8511.033404565504
8665.163735609323
8937.06431669808
9203.302009209727
9473.773567465503
9759.979783936635
10043.465467771523
10315.64059190776
10588.041119375419
10864.817489321344
11140.118476656962
11418.977956174918
11690.398539138741
11985.451805552875
12258.019240310758
12535.212916838802
12808.24018358288
13076.848422371166
13340.7877239185
13627.927568457058
13793.882017455997
13961.529986481404
14198.159878092029
14297.766239662307
14418.798685848264
14558.207989647926
14835.736211121952
14972.243491066449
15250.1131476758
15392.676597055084
15443.454334674989
15674.984830454247
15838.924407682829
16140.783647791393
16283.244797037709
16425.52429938101
16588.59614147939
16707.655395007416
16875.69859553635
17040.922080866858
17200.11400806771
17467.809293270642
17630.914175411348
17895.827350413463
18043.87375149218
18303.841237899916
18539.251294234098
18672.599760691857
18920.156709505398
19195.7884350285
19478.32259287222
19776.915882054444
19935.578479519347
20216.32903087263
20516.800498221055
20669.158027122154
20943.297092190416
21111.548071637426
21394.30354964345
21535.376615518748
21680.426610020528
21926.821143336085
22214.067958050557
22349.090272907622
22514.610256652355
22677.994072338806
22947.438286919296
23224.421375147725
23498.487416674176
23766.702320748573
24050.961369939156
24219.526363194604
24377.117548261012
24541.523222296317
24644.882532480944
24820.542741815207
25070.414807789282
25156.45206167475
25242.57421234881
25308.463883868975
25485.035008519197
25657.048363109687
25894.232029628016
26142.631391421422
26288.17878888402
26522.38548401978
26757.753755655514
27003.669229991876
27270.83313686727
27543.41870996233
27825.64504623464
28083.863028265536
28361.451044370326
28610.602765479558
28765.67364920284
28965.890957889256
29237.394700006498
29476.946631693398
29738.724316898337
29928.65137862005
30114.79806752756
30258.71494978866
30351.95001261209
30374.974529630425
30488.61600538351
30591.43044915885
30679.43220775078
30785.741798663425
31032.779044981547
31189.586089794197
31356.866599710127
31630.443180854578
31867.495886911514
32091.326674811222
32157.887538604427
32347.590816620897
32496.496981902183
32735.690858335354
32947.05675447294
33044.53937388389
33188.98502085822
33410.08066357762
33618.418572987466
33697.923955875274
33841.81868489142
34098.755816072065
34278.685350028914
34460.8952571871
34533.75003883512
34709.47780721777
34748.619923662736
34790.50016534215
34953.04475513385
35069.10688214853
35134.26919316939
35320.54557270462
35391.3443041256
35506.458191988946
35555.10343478381
35695.16203424489
35927.393191915246
36055.481853955716
36272.61236167303
36330.86749432948
36499.2541555657
36590.33560031779
36771.56190678449
36786.0248821489
36917.4504771485
37104.378954000196
37231.583066032275
37267.19237282722
37331.112944836335
37359.97822600247
37381.90701215569
37447.45820258285
37629.73293051644
37813.27227675641
37962.638128062914
38048.555108337896
38203.877989883076
38377.90149954198
38528.244734938235
38709.39640323959
38863.69621424803
