45.40945629028953
86.4547963553869
115.71167093226353
136.97253788507297
160.37812945553733
168.92201307561604
162.78235569305963
162.13388939545172
178.07509829265615
203.16171490487423
193.1780128731127
146.89177909876253
116.38607096398975
114.90063766962244
151.44043803460104
187.87444446476957
184.5286790519749
130.66336726121568
80.4603653456467
55.585389141749005
2.9525474348012324
-20.457439392281934
-3.546412315725
45.12248383461861
91.55859586017007
116.54092977692636
148.77764446901818
176.75456404862297
187.29196373786732
188.31657513855384
169.7525652745443
164.97963595059025
172.62501185980577
191.47245378011144
220.2222670928214
235.7338379505585
256.36106707408317
270.9333897284089
293.10878745244554
321.3066586470403
352.20123172258576
391.68752125393723
393.2564299913319
376.8183119268967
353.6037836378256
321.03216408397236
275.907007010662
267.0272009119696
278.50059408378394
291.1825094080252
298.7373653751753
295.9908028492755
284.23497251099974
278.8932313317318
268.64496148567235
266.8118688072079
264.15956043794205
241.2075534184188
192.1530555488339
160.87082819338784
162.00318254666215
186.3093633178266
221.73778546130865
239.28448765692016
263.95580113583355
287.1391373845612
319.72805874599925
368.3910356331307
384.94744061714727
376.10077220743494
400.46908259854706
406.2068915070323
372.8043464815155
343.2517698608386
329.6259488813626
313.4468819013101
301.4076063966822
320.80968209150967
359.93312534253766
404.244771419599
432.66262895721536
475.15987526816707
536.220206009595
569.7654600973052
564.1110886959165
546.8789204078114
564.1085185599127
601.9635245017728
587.7954673719493
555.3264988097761
520.7605185159102
493.4697347409359
480.6192454244576
488.54292590282927
494.93530279048497
492.699675366184
495.5352209722036
495.0229854308768
485.22479852730396
460.0422942509324
461.7699535136488
490.0402658173894
531.989979360158
577.933550297692
617.5733651033481
646.8336836105691
673.7350068107154
706.4131709397766
741.0462012557634
772.4947232400403
794.6820883073158
815.9598307737024
836.0155125837181
851.8891252834176
829.1245641846178
784.5768284778309
747.0300829835434
742.8648501250076
753.3988325038123
758.2651716603647
748.6783364168675
733.7606811363851
744.4543762695091
765.411382631823
765.8366276451314
777.9660677472917
788.6805190555046
808.5604277197232
821.8939401063802
816.6856667088202
839.1236887904635
895.0642679678982
917.7902142034254
930.4565312356298
935.8986161584933
926.0943271833947
893.1995425761824
869.2250738812933
846.7751402276484
848.5059648741145
878.5185478717901
885.7942288248383
882.0568696384935
893.3046373311539
876.8593040611385
860.6348208355744
845.303146291671
828.488918613264
850.3845050733436
900.9398398912847
929.5985950737173
917.4509914604988
897.48422691314
888.4566843323406
892.074674570679
891.2238659618408
871.0016603539386
848.5289431068312
837.0935490787398
830.134759788224
815.0020078546448
801.5547594206723
785.8940287822984
770.5028067834835
749.0390584695368
731.2709280135122
723.5550796977191
710.8066884287795
705.0458288830198
710.6273785878902
699.685026600749
685.5794338127879
721.2316644840863
767.7496129145333
786.6010025011773
812.2426229288177
841.7125926683807
874.4861891875998
887.2192834407026
845.9339074751905
790.2905752005158
730.3102537964212
705.0129254425551
700.5370221305976
698.1350369986931
691.9181593545418
676.5557778908869
668.6773290927396
658.3901985935322
628.0430675701388
602.177486550484
578.556054183914
553.2995485788983
548.5616467229071
545.7451998953175
551.9596939997567
564.2887639261817
577.6045236686829
597.1517439140407
621.6717828278834
