-25.150548073131837
-63.66794995773457
-115.56594204091024
-150.59282466698178
-182.51516089577584
-216.25419855517032
-209.71521171460537
-189.3703180588716
-175.43244793303248
-199.49016942482953
-236.26085999010502
-256.9785658381212
-260.8071773862082
-289.1759238267952
-303.9506704576724
-251.5131807051671
-206.35977954641197
-183.0778421914068
-190.47476536343385
-212.12011717358573
-222.0914501774539
-211.77695033757342
-230.94140092096617
-259.83686879523674
-269.2092460051173
-266.8371703170287
-248.55114041529836
-213.60513407796503
-184.22400392562636
-184.2581945095108
-199.2120764386071
-210.07519080839478
-216.28830321555122
-239.33771182577664
-264.98889812986096
-279.4005018451124
-267.1236305453869
-271.440846953987
-287.5398314212254
-283.17446249589744
-267.4745383270544
-266.8810416088351
-271.2141312889785
-303.98087345536584
-346.76072790226306
-350.26184514314804
-386.99841895873584
-422.59214766964453
-443.32894260951076
-480.0262363576625
-529.9367842644527
-556.4458130753652
-576.5305370777814
-607.1839418770633
-599.8383837951411
-590.6482898694833
-598.5478602634264
-611.2097671441137
-625.7680458803528
-639.0530422278724
-630.6906195896238
-607.3425457304759
-623.2467864391514
-620.9293336535244
-612.4051950447138
-614.0159511281158
-620.0001987401315
-617.1916750569968
-617.8514071972722
-635.6948803714256
-659.6024993872348
-706.0491871396548
-727.4073237916704
-749.3356698672412
-779.875958775511
-788.186592909685
-803.5521848032807
-810.2355460233389
-803.5257973242458
-817.9756191753194
-823.1872425243419
-852.66951807701
-871.7698684300314
-890.1991940660713
-920.8878677098802
-928.5131405576554
-938.3421142995608
-945.8059879399593
-943.9756522950775
-969.4159968467064
-982.9056211951679
-986.9287798233279
-994.4061795319832
-1007.1927831821667
-1044.640765562544
-1076.154523873038
-1106.2814225224654
-1124.0983995013808
-1112.2895317721277
-1085.7385674745851
-1069.4551218613678
-1042.6664671220599
-1012.4147418252469
-977.3348676105988
-963.0465651052468
-953.5233434872774
-949.2851025753776
-947.9706097509103
-950.4912881094193
-953.0243846569243
-944.1564651863342
-931.8888217929776
-935.2316332876445
-951.2077942769569
-966.9460173139933
-962.959097771206
-968.0100671589681
-1010.8138155075033
-1045.4485097531153
-1087.583777441988
-1104.5314176197137
-1108.6973904604092
-1119.2080185960162
-1140.5966526560192
-1157.4577711196994
-1173.237759520697
-1207.2541927784816
-1233.0731619450955
-1245.4392361579073
-1244.4485086808515
-1233.3571780960538
-1219.844655208547
-1245.3719882301764
-1268.9014629221656
-1280.0503569580765
-1310.18574795474
-1350.6796614348848
-1370.4453644093383
-1375.911071280139
-1428.0963039523485
-1438.4838361653976
-1459.4999787537956
-1498.0091310407115
-1537.9341848842287
-1542.9355014777034
-1533.5699531764058
-1559.073617766432
-1598.7569144307322
-1610.890056263957
-1636.5663335910774
-1676.0466646309367
-1696.308489689596
-1700.703590719262
-1693.4514049103852
-1674.4108875005575
-1677.1373358353342
-1719.9578461521057
-1736.7530485390253
-1742.6237200201542
-1756.358776078856
-1746.8262575314486
-1715.6861276276907
-1685.1925692747309
-1666.1420558071657
-1694.8222880559242
-1723.101260592506
-1740.7368769889747
-1739.696020831289
-1741.3323747601014
-1741.6567987605204
-1741.7422760264826
-1744.4198620306076
-1746.39458993609
-1747.2861538446282
-1751.9442643103575
-1757.6626150017598
-1726.9776024100156
-1719.857970927134
-1746.3205521233908
-1767.9577679839877
-1756.9920659666643
-1745.8059512329812
-1732.7924217292275
-1737.5151405411282
-1726.0336598247911
-1713.4729381805585
-1718.850319192068
-1753.7401391939256
-1778.6724825969432
-1786.8087898476701
-1808.194621311544
-1814.647213030823
-1849.4384679727414
-1871.59910333918
-1865.0563076178526
-1875.5714163509285
-1879.9068484773397
-1873.6578740211562
-1873.8076629158033
-1875.3636171832877
