-4.05259499086783
247.3989179838927
480.361348392718
716.375348898359
971.7978614994554
1216.8102452347227
1493.231996367815
1762.8706561340034
2043.773481051329
2301.9833710611956
2558.482096504159
2821.8219253133184
3080.2952747604472
3343.019714974549
3628.258944104033
3929.1991072507763
4220.307295926344
4524.103828423281
4688.602786339031
4845.04225942874
5118.968363257809
5397.70500171614
5648.7250802946255
5888.992075100486
6136.326131385341
6388.929842903292
6673.013009053036
6949.713620022843
7239.488265586986
7510.930571031873
7781.809306193907
8049.861030300944
8322.016625963872
8586.120968546553
8846.310868615825
9097.557382056086
9378.867495601162
9651.774996379314
9921.239912995343
10194.484946265282
10472.3205999457
10746.775070587848
11017.226679455378
11268.287904404611
11521.3871675781
11792.165298231272
12040.186238432105
12294.673659604949
12546.926617077082
12695.305333179545
12850.109126675343
13082.840443228373
13327.619958600371
13594.794095721792
13879.473270896984
14053.08455675681
14207.56159252081
14501.800809659539
14513.284156284875
14621.592409775758
14697.426182258607
14923.74442473115
15169.755045171345
15443.893073273717
15747.27210758392
16027.938069573118
16295.96765488268
16571.477413545745
16872.07151994993
17032.290942492844
17188.906856584224
17470.491928158717
17612.77008758781
17741.246316512264
17949.569545851336
18221.612966655746
18382.94289613236
18544.812304378145
18708.788223992113
18847.22370139621
19081.409553563
19327.38121281793
19562.45017364019
19657.887341040612
19833.339568107334
20123.450728482945
20284.6584124662
20563.252559512897
20820.10975282688
20832.668605761686
20979.592207065038
21023.219222453172
21046.299426799815
21198.50304110178
21299.719544186944
21536.380390481532
21761.120458140453
21937.30604061837
22169.289250261958
22423.88213642508
22708.867690465144
22854.384164527975
23023.471003157003
23295.41934975214
23595.026637938263
23875.006813633394
23935.51819583227
24220.87367959259
24341.26000588657
24508.47865338113
24630.966384765226
24799.496577689148
24889.491383282453
24973.02392488159
25190.96395662711
25451.480706742048
25738.079301985483
26016.653620520585
26274.6746231909
26523.143460567186
26689.060131022554
26799.9666709167
26888.22772375526
27020.789136110343
27127.09945148202
27281.978049281606
27464.792218681196
27565.248027469515
27706.241358905823
27969.314351545498
28156.669918637865
28366.230898224476
28461.567569648523
28589.94872132162
28778.78518240614
28884.255053373123
28970.844222158732
29207.789744169022
29483.083712592186
29740.61583260333
29966.590970179976
30089.720866481715
30147.84307668266
30310.415133007384
30542.480794949082
30737.652859338417
30927.66903124538
31111.061059147658
31279.93192902979
31421.105291945674
31608.891946845004
31852.435878997527
31984.58050275861
32139.650044097136
32403.12861349748
32486.911087913013
32568.330720267735
32664.61323843376
32705.07431076115
32923.748550073346
33061.89167054564
33266.57468263191
33393.43207447432
33486.39804456834
33580.98785714797
33716.40844796902
33911.13457760804
34020.169113718955
34154.64782664537
34197.7672363937
34225.06704855956
34257.17075389648
34272.939541088635
34391.845781427415
34503.38972044033
34539.85642963888
34614.594267680994
34655.638330205846
34758.04846962217
34794.494996427165
34963.63273120701
35144.84199995201
35331.20208834817
35455.9551922475
35568.75758176322
35714.954905815874
35864.28428231574
36007.66854855954
36113.365333413516
36205.85986481078
36245.77876439682
36300.57032035949
36345.25390533605
36483.683401782604
36544.719665293014
36715.01714649761
36816.74119402219
36978.49026756592
37111.63815901578
37389.571368014156
