79.00685795093895
79.00736187888263
79.01372604345234
79.13092246986855
79.11237286059517
79.13604548521667
78.44235376915472
78.70966745459651
77.51549020635065
77.59134772348143
77.5121828710639
77.52521819458988
77.65790392489671
77.73560153242947
77.48450891967231
77.49786573218132
77.5025451679323
77.51295608436007
77.3244035945592
77.49891492191055
77.23581264064818
77.39413042322916
78.10457075012343
78.03514700920738
75.20850439970172
73.60634204711408
73.50408523612634
73.45432778899159
73.48790099517365
73.26083451203691
71.80350385095217
71.66785797630047
71.66710832589906
71.62422033388779
71.36135247780197
71.34454501521951
70.68244576243269
70.56592969962858
70.55650808857598
70.56377475179852
70.5691243772519
70.60962541218663
71.3345280474149
69.6228923700677
69.60704667687324
69.567287066743
69.56396004365656
69.5642680090661
69.45976049051909
69.76817782257737
69.57178379797963
69.79413699000003
69.80129000923763
69.59405373333368
69.71463911304026
69.70035477804412
69.70021988554953
69.70534735973149
69.94415760230564
69.89491497105108
69.98652272914214
69.92628748049998
69.9000871272682
69.98668224136321
69.81030674242767
69.76826264550546
69.77515736346393
69.77647205090507
69.74268682155508
69.22691733908297
69.19880217226242
69.0562284559143
68.95766260457005
68.96236958009564
68.99718974095765
68.97306956454726
68.7383635507971
68.72730407505249
68.352808996487
68.1271409111174
68.14127618760756
68.14472829154576
68.13314890351285
68.13243576642532
68.13319774171723
68.03449094017202
67.98544244332709
65.18714829272747
65.21309914649781
65.20966470411601
65.01733019349311
62.11399288007839
61.698916701051296
61.49762197673628
61.42360862391654
61.40883712949784
61.39486063247582
61.387108229485094
61.38643333908045
61.38967742820665
60.64787563656875
60.7177242844495
60.69753178107873
60.719097363096374
60.48930287919192
60.4864091687748
60.447502235963555
60.354003539736276
60.01942499377717
59.8046708650365
59.786136407093466
59.78443295293911
59.79709085215668
59.85877235632218
59.70687006738269
59.62417807836127
59.624273510942515
59.58873930004891
59.58481891956117
59.58089126146816
59.58075151038342
59.61014209250962
59.348235553985376
58.70164577699595
58.58650882490894
58.552590167032584
58.59558340907795
58.14563193759907
58.09293372907725
58.279396069376126
58.0259340505113
57.94197366837329
58.096232418405755
58.174918621443894
57.69709151461472
57.187591126736145
57.181363230501155
57.273073132934734
56.28991274759521
56.29111072514369
56.26691077307749
56.25369154901042
56.131971617937516
55.907779087939545
55.32495950412204
55.410799418772264
54.828614246921525
54.83823924087957
54.499480510096085
54.43674566501364
54.46568995984551
54.319129960889086
53.78052682913146
52.87446916548075
52.5277958009373
52.09454239231754
51.948631196462095
51.90663965366794
51.66280587446424
51.68746004404842
51.40285923837437
51.388814288515306
50.415709382965545
50.463764513235695
50.456212034169084
50.45695824261375
50.457058329361196
50.44967615480546
50.44801527416585
50.35659267011136
50.26006333351866
49.2609162615651
49.07571205534857
48.84045776941064
48.82200466707091
48.941431021515015
48.990485274071645
48.90160350080132
48.53784264439975
48.5115670621034
48.51531773182744
48.51514598281878
48.51370282575064
48.51366384096231
48.51400330420383
48.51412613857101
48.51490280260939
48.51589472339209
48.514390261642184
48.6611864684173
48.958738279704455
48.85345305765948
47.547743978770114
47.480181106212974
47.5180085737306
47.46879774710234
47.499908265954765
47.45494640441826
47.446265914360055
47.46554098267611
