-3.3990752276420224
254.93721257925097
503.0225403974033
748.9155079564514
984.5424749120778
1222.5738422794773
1480.8060552918746
1761.5755840467114
2037.2117780392477
2289.3737267261527
2557.722082336244
2807.4890411250944
3075.279391865883
3353.9489213478523
3632.48531955137
3908.7765475383367
4191.276463907146
4456.741501606089
4705.09968525556
4960.02764450569
5246.1528896915015
5520.784302066416
5791.733333430652
6068.634640788523
6351.180137175467
6634.42893105667
6909.271862348356
7185.154572908096
7461.282674937893
7748.411454074474
8032.069188752228
8309.455503444497
8584.999128038575
8860.870495803943
9134.82068474185
9403.399706170338
9670.005959187494
9934.687443852716
10208.141808296255
10485.63306113492
10760.984048944214
11013.22721180854
11291.2053813944
11566.755774958772
11820.669929048792
12072.898897351222
12354.099951562488
12640.1615749984
12921.510491699179
13168.579201781737
13420.576695022864
13684.723253931215
13955.91157331129
14218.784026766109
14487.562752741345
14767.556721801808
15047.582334181194
15312.080727259465
15572.823188962026
15832.950667988649
16092.389567157461
16383.156535961321
16547.944060527567
16698.11940984988
16821.394465965102
17002.791847243945
17145.83023729229
17344.204441031772
17466.131481354434
17626.886965390946
17767.855695658207
18014.043753309455
18285.424923656956
18595.77973329967
18773.28189307424
18940.20605361518
19085.692390718716
19312.27261745084
19558.504554090647
19788.787553779744
20033.466524764553
20313.480913897078
20595.29486499319
20905.653346895462
21219.411346881374
21380.367208608233
21682.404140308707
21966.63230298656
22227.652963000157
22509.387432797514
22774.872136464164
23015.245478489822
23272.666442429905
23536.893982212467
23799.448545197625
23956.973368131523
24199.593196490932
24468.215552501024
24740.41938184928
25036.806653080992
25304.16269977234
25513.745446146753
25646.711884412027
25870.13257939186
26089.06244597457
26378.02306745694
26645.850014558844
26900.68140374034
27151.16269066089
27313.29318713886
27578.59794377941
27830.11501467182
28067.956677106016
28315.98126682721
28599.66082226537
28890.52862694223
29164.362601472494
29453.657054503557
29735.250502318286
30009.492081640245
30279.469139763998
30553.44332848015
30827.196411031837
31102.189462568513
31378.694589192157
31655.0074259342
31920.448248560253
32193.192575515357
32475.48184382789
32752.347671808024
33015.66189623514
33291.33185068019
33593.55406259233
33880.22748713996
34160.542394901284
34438.11590835564
34719.56060331867
35002.4399978305
35284.1830166253
35567.22530436701
35847.41853421795
36119.352004879845
36391.47837380033
36679.79693477437
36957.962428977844
37210.93978518222
37469.80019700286
37739.643508367946
38021.5391666116
38310.20736432541
38596.90217314194
38869.14158711128
39141.43768849401
39419.6441023603
39692.58978511226
39955.64889729877
40223.300529965316
40486.42116554655
40749.817421965396
41022.974843410244
41287.102657989046
41554.81132591324
41829.104764919524
42109.21293901783
42390.34660299879
42655.81706768831
42929.31081333613
43230.732351622515
43390.68587378384
43673.35255781907
43815.89807617271
44094.56660613477
44370.21456915897
44659.273778757
44907.69719129293
45166.633652498094
45435.66935876552
45678.10964329698
45937.81458644583
46200.65242261003
46507.85197655943
46713.1241732595
46979.72515839144
47292.39370940701
47574.7350334485
47881.22006018736
48147.17085201959
48405.87991823799
48669.01235015233
48935.646267484335
49217.80275049742
49505.871094943366
49747.376572368405
50040.20649009944
50265.378867523745
50422.45279188747
50681.59858416205
50943.17639635096
51179.33548196944
51356.2058408519
