79.00685795093895
79.00736187888263
79.01372604964207
79.13092332058649
79.11441889953639
79.0971125477136
78.0565040008661
78.35264715590725
77.62971841091331
77.53135691880647
77.53913418327669
77.53911387107073
77.57657075756566
77.55490447600312
77.56493848524933
77.53715625422147
77.49135813014708
77.53895366814275
77.53419067045445
77.2931520459321
76.92239836762123
76.8845392923567
70.96833565693811
70.76048906207537
69.33064213639483
69.27337188614204
69.40348092888782
69.31257043806453
69.23107626040816
69.34131490206065
68.90049667857022
68.9682952470671
68.8828148511155
68.8686050606941
68.86739222695041
68.7466394353492
68.67610656036338
68.02615528369684
68.03158595089093
68.01297404026745
68.01259238560971
68.02052148985807
68.06678631995209
67.69301156507026
67.6866000071675
67.68481748198548
67.68507838478385
67.69752032148871
67.89028610948455
66.82427770445267
66.95720998579536
66.70006406137335
66.53257919452687
66.53528985338404
66.55280567350587
66.55227847494469
66.54496397953862
66.66976219854585
66.6598241213186
66.70629676358863
66.80017384149473
66.62530189614395
66.6006509311056
65.17091037950486
64.78923988670459
64.74539416869199
64.76103172776631
64.75071325669123
64.69905916250379
64.69613595841189
64.71968322379476
64.74220963979938
64.24966045298245
63.12852203635504
63.19034151031568
63.18988664781436
63.18932842134307
63.179219723376036
62.74538319140051
62.71919645463677
62.72056166435591
62.7202155930091
62.718219960963516
62.72491413243872
62.72703763559272
62.66549172501225
62.63453141671195
62.23874971212964
61.35659988063986
57.815070200532475
56.53376004148061
55.12132847805212
54.920599721708165
54.85524209422021
54.82241659540803
54.38802834464582
54.17512262541143
54.184650585108244
54.098269020077716
54.30345238520925
53.91412974786099
53.88169467624529
53.61042363099363
53.29670342014083
53.09021980842973
53.076835303306744
53.11166521653308
53.11915643897279
52.83366959007381
52.739253345716676
52.73833220888277
52.74040882235273
52.460859629906565
52.23256782333731
52.217518891653036
52.213511395618134
52.30427707576001
52.25673574545297
52.213494049266316
52.20705968288055
52.20467952013265
52.35248045756341
52.34358901381744
52.127484968024326
52.122424380188015
52.1461626057318
51.97057605485092
52.04081909113881
52.387812262600136
52.03357076515752
52.01645802858745
52.132244133621995
53.225937024355446
52.78474189903775
52.6813493079525
52.7154720268375
52.71286641636604
52.63272014747045
52.65575823728465
52.61369361190861
53.251549236959484
52.97695103935309
50.16355735854023
49.7209595599893
49.94522970318374
49.749850761516754
49.407330303405544
49.37843127044766
49.73945274657919
49.082253156809436
49.182368092383356
49.281298701787776
49.84151489327305
46.800332590478085
46.94446213926458
47.14867661607024
46.66087510782723
46.54464145940695
46.539410433239745
46.495235772167426
46.43345106619166
45.694570438927855
45.56879114700041
45.60183121487781
45.00374553763518
45.00065066582115
45.102758280048235
44.638821710200446
44.65523465903002
44.574375535228086
44.56993442451104
44.8479034261096
44.91974180010916
44.74392303270691
43.49005107220631
42.85301121729477
42.661155349750885
42.45632682404088
42.46617364771669
42.50541076574491
42.50343934525856
42.5593122134988
42.41813261237588
42.28564732390434
41.90262556777072
40.195132273227834
39.1589205511264
35.7920312717643
34.85800571220969
34.902087530053684
34.847967102108555
34.86448127840752
35.18282014379923
34.70715001538498
34.32019410537728
34.2821964144666
34.2515699676622
34.230432749104835
34.26014936725367
34.24758715863466
