8.69808902607582
147.86718478359393
282.3301604862445
422.47234637607244
696.7833421535925
955.2715964356137
1227.620246858144
1502.7475801477847
1771.4999422924502
2029.0600886276397
2305.845333537469
2565.39843287528
2832.560790656347
3108.74337612996
3377.529469970045
3653.9350677603775
3929.662600490828
4197.197733668319
4465.31896566845
4733.6976493917655
5002.055473293028
5259.678630813904
5526.239096571744
5798.582487096984
6073.832444368118
6342.5896004998785
6615.4486455778
6884.0978577558435
7156.625636600693
7429.367788246574
7703.835294893215
7975.615296688946
8241.92406230023
8507.898055669144
8779.665473940293
9030.513656863324
9296.44144288851
9432.289389889182
9568.861723718443
9701.839225015545
9844.826232274245
10105.637805614268
10245.043327546557
10367.400544984632
10493.454098293445
10624.455106357398
10894.408811467847
11029.422800531633
11295.386626411937
11441.751454027844
11575.736525551052
11696.376492685582
11951.067258211957
12070.81862547929
12294.420414305547
12424.846691228966
12555.218824350837
12812.773641684318
13065.973364078667
13337.593045531105
13613.027218026305
13880.596503008073
14140.530137190184
14273.370706075579
14545.876424213304
14690.684215082249
14819.461819104501
15022.012711287718
15195.571651469776
15442.326472853027
15709.178613159836
15967.164008244114
16220.02879684989
16471.66777189829
16746.599269252292
17022.276207254647
17297.230818290125
17571.53842206798
17846.224914058737
18121.72700438319
18381.349721072816
18657.884918928623
18917.221821007504
19192.38031143431
19467.304623679738
19735.342058366776
20011.15248758486
20284.212040050803
20547.13285739475
20691.047460468566
20827.693990888987
20963.22273600424
21103.394192454023
21370.106486573754
21636.65410530977
21779.200208228056
21913.741141767387
22047.557694399762
22169.739583193623
22412.23866411756
22561.61690359772
22682.26130758087
22766.67492420623
22845.04537284747
22884.822358782523
23007.35801913095
23093.29377371025
23159.596723783052
23210.55846242362
23392.831876307908
23522.27338384463
23609.631011809888
23788.991196518975
23994.95694925252
24219.509106958987
24354.018682145426
24576.185905038812
24833.36235170725
25103.726348001415
25369.720925803147
25627.022560326695
25880.684162295875
26123.366392020307
26383.947843853966
26601.89194573901
26851.755740166853
27103.37176023207
27269.389693418703
27353.43371459329
27455.51329067739
27681.265248458774
27944.075488951847
28074.143494010583
28207.864204293128
28308.857691123136
28391.904987200527
28440.385307110508
28661.542315763756
28803.87907738359
28944.008943444864
29115.252357087455
29278.341648837966
29496.092444910584
29725.67485113173
29881.728707715632
30053.44807791991
30239.43148625979
30450.29484165394
30617.287699497927
30812.110035933587
31011.030505839717
31141.946561804347
31388.409503781015
31644.356554318096
31897.469768719176
32018.83550488433
32271.207430046543
32416.76959717581
32557.448505913315
32693.978214578492
32870.14251701768
32901.04810873756
33099.45345749138
33232.2791675313
33354.668110155835
33483.281549932675
33495.110975454045
33612.73208290051
33723.337130031614
33777.4296151931
33977.84780227206
34032.671633088365
34135.595725810235
34230.39578176457
34296.62520960269
34489.16160481037
34692.0292345463
34808.4594694826
35025.86622941026
35279.44635463963
35551.77544964134
35814.48201017861
36065.2296995794
36312.63909045569
36431.53529538918
36680.432394682735
36949.37080136504
37093.36866912586
37217.284093955735
37463.99784705516
37599.09883268571
37727.72348545399
37988.08926585032
37999.921565015604
38124.42733867012
38258.510289485326
38378.574578956235
38486.63741309228
38630.42903710326
38778.52190090124
