-23.843508546680223
-48.59132949493198
-70.24119527992116
-112.60185266030118
-161.03900050111474
-195.8268715849484
-215.26569548386948
-245.44620256265225
-271.9231242830681
-295.8039616322
-326.0657836662874
-353.58327372424003
-390.441003079102
-402.2046998105988
-363.3283495890317
-320.13227199284086
-284.2763190193332
-246.7408061529767
-217.2587923699816
-197.2916313803977
-181.99155744676608
-172.5118159455448
-186.32941110730428
-216.80053837342885
-253.83330448379695
-281.88134977077664
-296.9715868576376
-312.6439999114569
-317.64358884100056
-343.04993820287467
-365.4697824887136
-381.3297585346766
-387.97852631741387
-381.491844105409
-389.5568249216506
-428.0804938989253
-458.0756175884492
-475.1645512084559
-486.10871056716
-506.62455773570304
-536.4471672844301
-559.974793131999
-569.8367133509146
-567.3352575747294
-569.3723742094176
-600.1162966556564
-639.5042699927701
-648.9845078675336
-650.6901630744402
-681.6586714994817
-707.8660387507005
-710.1031284852074
-718.3233528967789
-744.6431596133813
-771.0754301489834
-780.0007777206112
-782.5815322263545
-787.3358845014667
-787.5338920093825
-802.9257794355298
-828.0678926543978
-819.5038600266654
-782.6544263571409
-754.7968879419499
-747.5263419864104
-763.9066781957193
-785.9520362733984
-788.3059464349329
-758.8863975535729
-696.4684726141711
-646.3828851896351
-620.0468242918989
-600.9200581030635
-573.6276282894887
-543.4058450437325
-522.9417789821773
-526.7171345320282
-536.0778765296794
-521.3790207294668
-511.4470324883065
-499.54083219677307
-486.1229341827801
-474.0356230689781
-476.9220912222407
-487.01392373492473
-496.3050795500539
-516.2925698878556
-554.4329826032172
-595.4404683116569
-616.2643076222018
-607.7923113609311
-587.0799366902603
-580.7766064194443
-583.1831783396136
-578.5483592674814
-566.8664849285855
-556.8622256740791
-553.3747333555164
-547.8103582458817
-543.6622693278186
-556.1111978502481
-566.472293967767
-563.7116152481176
-543.5102471070068
-508.8672445728888
-495.7354384613025
-482.6504247676417
-459.5525128087516
-450.62537075571646
-472.74756359975913
-480.45921419840465
-448.8615476870821
-418.8808419012244
-413.0349696190327
-427.2125574955735
-461.0655208698687
-511.2784045435226
-561.1409197798059
-614.8391748230612
-632.88693790261
-630.2046288584282
-650.8067829239947
-658.7068902529849
-655.2651483051159
-631.1263362980193
-595.6770878345905
-570.1924658071553
-558.5163350113368
-560.2909591712656
-572.9418803956422
-579.8898732907066
-569.9133775627591
-558.4097764513283
-549.2613857581629
-543.7557557099705
-538.5412620863212
-516.893787271368
-506.7101694857652
-515.8096368851214
-508.4744569666555
-539.8113345444943
-580.7477646524534
-610.7231847346595
-643.855271797907
-664.8011746354625
-669.8668626608005
-669.0234835453415
-691.6128997894623
-700.6444782444307
-690.6856962091842
-676.6080412492589
-686.1287825225278
-720.2371352409741
-730.4332293863629
-744.2416597936156
-748.3301940049458
-736.2655514528635
-756.62614270953
-798.5958733900385
-811.9528599910489
-806.7664151512064
-788.2978714505429
-747.6228434232295
-714.8448254051096
-713.7645890273684
-734.8623102839304
-760.2260105810791
-762.3540091986047
-751.3322686240195
-742.1841342233116
-742.9032270737623
-767.5015997909763
-793.6269894177241
-821.9104317275211
-868.4971207223667
-919.3614927503281
-959.4739763468641
-996.5413067553586
-1016.9490044757656
-1026.4221821819115
-1019.3284097494105
-1011.2576015393886
-987.8422184964529
-947.3684724733026
-895.4908733907708
-886.3850432246628
-926.0527015872167
-963.5125344788903
-1007.2239588917404
-1039.8759906369683
-1040.2871532044342
-1051.2612570355434
-1080.2918655083972
-1102.9223986469945
-1132.3524231982487
-1133.9571969636897
-1119.6481650646977
-1102.9812451665405
-1088.2064175654402
-1075.1548615134698
