-3.3990752276420224
254.93722532053118
503.0226495212133
752.6673439387803
999.77817574931
1250.8891381334781
1516.4660647068704
1797.5703061214003
1946.6859287251696
2102.8264421721938
2368.096233164634
2614.578347040024
2871.3709392806477
3161.725179542421
3460.80715565566
3759.002993402524
4037.985569568568
4310.245833592732
4597.594173479185
4883.745697090728
5166.456097028263
5445.1722984547005
5719.394021325485
5970.998333623184
6248.083902548704
6502.570032693292
6638.958250097649
6922.007784218223
7087.890371620895
7218.271504690579
7376.205663069636
7537.4228304216285
7695.643516105882
7978.351390997568
8252.222886430336
8508.767557593505
8772.69681859203
9040.07777958693
9312.163363253789
9577.013622151388
9840.194154462846
10104.288565031282
10377.227151235958
10654.313759163266
10928.451153857488
11189.04766685801
11447.799617874913
11716.296061616882
11990.621938783179
12249.21057201825
12513.748743499136
12788.541935936371
13061.526392598687
13324.077103000152
13588.573714437127
13859.904492933962
14135.827936545185
14409.167515571295
14686.771569505108
14954.846572560227
15219.650003116392
15499.703235674366
15794.845759869953
16084.39068945061
16361.392194773534
16630.40156783446
16895.199841737198
17167.420689286922
17457.885466319953
17763.553360045815
18061.798419044837
18351.84104073766
18637.09593493194
18925.796045102456
19216.58558603395
19501.775107082743
19793.973999305406
20070.554369359335
20343.988793536897
20618.753820593956
20860.5086857941
21073.08913875248
21230.905719316896
21477.59098972646
21730.92012911569
22013.28156008353
22277.843526281304
22537.057981745813
22792.263675193804
23055.3152712592
23335.4384764709
23620.20676337224
23896.655108602365
24176.804223982726
24453.68618450779
24734.802649070065
25015.954551971496
25290.470459507935
25571.29073490531
25849.08483807807
26120.423204654337
26391.020941128158
26670.661098910015
26956.579258458012
27250.829619591874
27533.025438342524
27812.949283588336
28101.892654601474
28382.15909842936
28648.09178731707
28919.971602851445
29213.560984166525
29504.333281493193
29784.827365937654
30053.509786403087
30314.604488534143
30565.34400935989
30819.53299654298
31068.659385461495
31337.65023372125
31614.816678329036
31877.894091684142
32149.82431074968
32426.0014673299
32711.402973759108
33006.288564799885
33294.7818908129
33577.73038191692
33852.54733188325
34123.59834625457
34395.86511336959
34677.83319111199
34959.23174554812
35241.22816358991
35519.21862669221
35796.108524473406
36109.269721924524
36395.084136517726
36686.14333502798
36958.98708711296
37212.485860003224
37489.95930990775
37751.278495765575
37998.673768497945
38265.14522417428
38561.28098085094
38842.97002074157
39089.78175816994
39354.45206942009
39638.01459642742
39945.32673299243
40217.527373651144
40501.32503713629
40665.35922372954
40966.87845767485
41107.483579454085
41383.02922016625
41641.3956288664
41892.82364990969
42158.20030359366
42438.0600006944
42722.39149383052
43019.84931440866
43324.02311066313
43590.10820250809
43836.19305113021
44099.53490472362
44375.973716127315
44656.62304280019
44937.52347591548
45153.53349309137
45283.319426257425
45549.722639457104
45805.60493057967
46054.33626195929
46304.59333336276
46565.8810650734
46810.52786871405
47018.65371448844
47309.703150261965
47553.62627163352
47806.763487193966
48000.19880023695
48155.31866612547
48422.42196319026
48680.451878654385
48941.513537482555
49168.91639670183
49277.43830716576
49524.58565278976
49828.24379051198
49991.89011293786
50258.34422387644
50390.00292799233
50657.38735256987
50948.15345831047
51091.3712458445
51245.12992411033
51409.93176906621
51699.46629507137
