-4.05259499086783
247.398867390268
480.35979573808015
716.3714639296848
966.8508574628938
1227.3508787269893
1510.8839946680691
1791.627335027626
2059.4102902326063
2316.6664397866716
2568.054716713858
2819.7858605898746
3088.505428428897
3348.144531679929
3625.2485256920536
3882.5825880382004
4143.627350324268
4399.697113006115
4671.976526078577
4957.052864623934
5256.9371668616395
5538.44674967149
5810.154403704369
5947.442489593624
6085.310833728018
6223.412706774095
6341.952863198729
6470.689101659034
6713.306823730279
6840.506094655755
7123.4149963455375
7285.795939752511
7436.453077940714
7722.1347692419195
7870.560961269972
8128.590599027651
8275.468779924047
8418.94725245612
8696.951596666422
8964.800793419543
9099.494989125484
9364.576816277067
9638.440694547658
9911.136715142738
10190.880428622097
10480.839394752582
10781.709317428744
11055.817941304509
11333.846774201185
11609.346597408212
11857.273421024785
12101.984468377597
12352.440105905085
12481.233643255764
12595.854513207203
12817.495608810123
13062.53282010987
13198.649336559418
13392.267960698984
13525.04299528363
13785.285012280863
14049.914460041928
14318.59334641154
14600.494300586179
14889.250446789034
15162.827930101577
15419.30893252589
15673.04453865769
15928.610206002391
16179.174080185265
16429.39566799912
16696.274873739247
16970.36950302974
17231.894889720905
17479.22104664393
17734.86389967585
18010.10798364252
18297.443757156583
18565.048177916593
18840.84189824568
19112.986096011176
19359.139010059025
19614.942904422955
19840.637315546013
20087.53456281872
20235.337824369704
20375.595441252477
20516.804668832378
20689.41764830017
20934.42768810458
21199.98983848377
21451.411049255334
21711.763316765988
21977.968016628492
22115.63321014702
22250.177685976694
22367.845319351436
22600.002438127118
22731.67572733551
22746.03012812364
22848.032691583034
22935.180185562247
23001.28142286639
23205.744951321045
23446.424732874457
23698.98649316663
23859.81013411609
24007.895356897727
24146.02199308978
24283.93927915577
24533.199540652055
24766.52406681722
24994.528978600683
25118.621703038785
25353.235888545893
25601.12002089411
25846.571704351787
26108.423907448316
26375.61901434787
26531.78411787989
26666.35782329139
26868.934816132012
26982.66341287708
27148.83174183947
27294.3033651521
27459.891416703533
27697.045700546234
27946.745206186155
28191.43162880769
28427.456110605825
28675.002832626007
28937.962210144306
29198.46082932737
29458.726571664432
29675.703360271964
29784.90214229289
30005.956005276104
30135.609137561365
30238.808316415736
30458.688526476777
30584.712790636346
30596.296457422523
30716.144619831903
30835.01544782771
30960.37875427977
31037.307296301453
31113.7407481142
31298.525715868775
31429.614463353355
31563.635459004065
31579.57248994522
31697.952541027487
31813.000715985025
31904.738443702474
32004.863909552798
32085.60824082063
32104.218519625716
32158.411292401077
32318.1437251707
32504.300817532083
32713.009363229
32936.20267731513
33158.6802360722
33384.29176439575
33579.24002650022
33804.74699669187
33993.033572996486
34132.34482699756
34334.75512654402
34556.37190564799
34687.80647155198
34822.41656642988
35098.69756382068
35113.95068884902
35367.90176288065
35511.19777683309
35778.229154304165
35906.58981915431
36011.902523939774
36128.626209946764
36314.15588577942
36544.54930994301
36756.256032140554
36815.8044396642
36929.16569027409
37112.501748549876
37328.09429729743
37555.1817647249
37787.27428500026
37973.90120812524
38054.91950078794
38188.925128038594
38388.5539314789
38593.056454966514
38769.35780374252
38858.13212383257
38991.98539698441
39227.40482676181
39394.09481696594
39551.93053341819
