45.40945629028953
83.86705649358348
107.43205063159327
130.37863755008496
132.76875598139176
124.75409674057337
123.72461577326276
138.65082884259243
157.9262246387163
141.39756912966402
93.11782943575344
64.97211358748845
65.51928722581276
65.01563238397796
57.70852158031953
34.99189178652666
30.363798999706173
17.316108795833685
-10.764486775944093
-7.123046662062732
3.5506190684458208
22.51661257518576
51.51717133328883
75.2499046900757
107.77653627767756
122.67576293804039
104.63486136171022
79.19918627706359
61.76478329415745
66.12469556990236
75.5569706449411
102.2856651732092
144.20871259894102
189.77128667297637
199.53151964932638
187.47973937988007
198.32074773158757
232.64752077062903
269.4984912344611
286.4677771210592
272.07859251185357
262.5666042680131
303.113286157557
348.1043492189468
373.5418037450382
389.8669608633711
395.8912743462504
399.20296435618366
427.7932037467349
450.4602587438293
476.1242161684573
483.6262770411864
459.24952538705446
432.91129452437497
421.32721686120294
418.14270892051906
424.6936777013025
432.67437662882253
444.141104429219
453.0796874683724
459.1206305158628
470.32994972915003
475.4236823234177
491.44437619019976
503.4705495426485
529.9849166194964
570.6661929069502
594.6482809288126
606.8871508555438
610.1300702174843
596.4132049928039
574.3584260714812
552.1015295919102
548.8422239846375
554.4775476153562
540.1656141351297
529.8027177521559
541.3639343942979
566.327586771895
588.0617426222171
586.5525061398392
583.7555311494592
587.4891963046301
587.2931458759115
576.5151332167244
572.9495348488126
564.7536926808145
555.766858709713
548.7370242014579
542.2424929222486
505.5215040031352
455.32202493820915
440.39522243597446
419.6064163545796
403.8676023072964
384.67622544847546
384.6116100087864
420.4054925680014
453.7353437562043
460.1302477375586
469.45689816040937
459.851762693971
459.13100338734466
475.3560535696794
535.3225288338534
571.111277383722
561.2263023864174
557.5047740808342
533.0160149771929
495.2305527587222
445.5941711162716
423.2277212534135
431.8495200343829
429.57079071600134
438.5041276374506
433.0891931532432
408.3687170548779
368.4526608797999
352.00625632585366
361.7737016978148
374.96056619688926
382.88100350803103
382.25096096391735
345.14430735395035
310.4216722836646
334.8721168066906
372.61583565826993
407.32016352399467
421.30580655840697
423.6098296067427
410.3647253019939
400.5942485522713
396.6180667170508
404.4339637563205
422.49617150510306
425.06724148175016
415.20087479643917
414.7085125850326
405.3256469692318
393.70977449794157
390.1606407683453
400.4699239997059
363.0171525505601
332.0171369187536
300.47257326034406
295.032163339757
304.34991624918064
337.1968197001367
359.12408893343786
395.79486233135344
428.2054179796952
442.82034803259353
443.47234458493944
459.9824246722081
484.32713896046613
511.90924107069344
524.296965220762
522.3763586629182
517.7835438965349
515.088204335656
518.0000413703658
529.4589669318976
526.4073679576169
508.45883336692134
486.32030650309906
455.5659353710595
420.80336448201695
404.01914509567166
385.54779015402914
367.22167126569855
319.88655430864026
301.69493990281126
293.597690442777
287.47501270374454
278.38153775788373
291.2670064464907
304.80516515743756
320.5734137466217
374.0977866155996
438.4352266743429
474.5845231980824
508.8585289496105
552.763887963451
578.2577831697546
592.6229036116403
582.7018253284042
565.0264392269337
552.9782741524805
548.4586194098925
553.6970076763856
565.5989608199118
579.8659797883728
599.8736273431855
620.770108998418
648.0942027976014
703.1750685224903
733.2793359200318
747.7087924631218
788.1334015589844
785.6052879295561
