98.76127011949542
96.73973513160263
97.05098879260493
97.0817906124864
96.78918894477492
97.54238050149252
97.71830736020046
97.53419471339573
98.72190305229249
99.27748756739058
101.36017705594679
102.30629114526326
100.83947138323492
101.23539315832326
98.54056319833973
93.77356083950734
93.83030564970193
89.93697653099706
88.33086053231193
86.72084050679192
86.82382700016753
86.97773599721322
88.14721481992282
88.92468909448787
96.96229655734071
90.64515719751023
90.17753079109876
91.29187859709157
88.14291772035274
87.84689749369475
85.37799413527291
85.83946458918659
83.92101177696836
83.40436628518054
83.70184821728704
86.35322343553058
80.95483741670763
77.46649076085072
77.850671930156
77.6462039167529
73.52860060372097
70.03256976401603
68.74798455342548
69.10887333995271
67.45011475293465
66.61851882753153
65.29476913972526
63.59825775141905
62.1870873943264
59.86741961669052
60.00501090883459
59.087793320204035
57.85544424714708
57.84155698747833
55.90024523282554
55.852461748872
55.61650204212648
53.64008280472351
50.28428630662268
50.546268560891285
50.6306178840408
49.20126089855276
48.50031562181061
48.35254090462606
48.17178946513729
47.94941669535181
48.13209632870388
47.00757466177443
46.677787136842106
46.631163509128164
46.226701771608056
46.21401179815006
45.0648470712063
45.02373370294205
42.57837428787066
42.84784394970327
42.82030597143969
42.6459649146206
41.23010645353441
40.69891957921707
40.507828044468894
40.17657537566376
40.268352739552206
39.57295901839335
39.536951467878545
39.08191992428282
38.94155971773038
38.835750668512404
38.834119643956875
38.82715622092089
38.87934783493207
38.88705917202093
38.881162305085134
38.865708980491696
39.3414237367055
38.80682192149568
36.71717217864257
34.82259658069364
34.554769825123266
34.51170693119846
34.17983279401076
34.05755814846678
34.057430273955966
34.01435343034194
32.902817610634344
33.0879751222047
32.404054926825886
31.069789454489765
31.076493382775066
31.056914881602076
31.057455105998006
31.006436323618132
30.96351414364871
31.018318295660904
30.982699601620293
30.719272293601833
28.710171681869745
28.522387007417173
28.310507917352382
27.630868632672424
26.967057002022717
26.661750166413537
26.074005613485042
25.681516846028
25.663375535440363
25.27694790793978
25.32279922470189
25.339730665530666
25.346106851966375
25.346026143495333
25.33719782806111
25.3397620213403
25.380852431513123
25.372053546877197
25.267758911265346
25.318728004279524
25.33966746514487
25.311539384995157
25.30838957667917
25.309385042979116
25.316595298200845
25.346804221033555
25.377513008288503
25.229213460948753
25.223651453817755
25.301389840628563
25.243754127072602
25.3417936058356
25.297578740769346
25.28798701904101
25.28122044857834
24.703097085331965
24.701925063588742
24.678281589154036
24.69874802208919
24.787259083523406
24.80851143927204
24.693522317286906
24.530096706598925
24.026510600759167
24.082486332081913
24.112802949186936
24.00737283081047
23.82734603097267
23.641610761977358
23.62724605247821
23.655365244893932
23.65452583608278
23.618040624670133
23.622641201016965
23.639857598846156
23.666720436713625
23.663035800317825
23.663869521184534
23.67520612945792
23.702915623348325
23.383458513972837
22.56655380546933
20.7577226728264
20.866357649290425
20.934770740057488
19.365822509000946
19.381927850508248
19.357929255866132
19.727555305322603
18.983162305976652
19.02964663267466
16.738178670585572
16.46295412840851
16.47804583850385
16.450328140620638
16.44159754303347
16.440975348973726
16.436954065655996
16.43627038945842
16.435192716383998
16.648656147238427
16.66510521855808
16.713200274771445
16.340128440383328
