8.522679045698089
279.2328753205672
538.1438105680154
791.6705176986686
1061.2705042392022
1332.1369222448486
1598.087656130916
1862.9157284283674
2123.9631197941385
2396.2263802120533
2673.464679704292
2947.5516644188324
3218.7246442121873
3489.5218723082053
3764.554080529249
4024.9637238885916
4297.962482733909
4577.50620706164
4838.177264679954
5113.305573697623
5388.430875947342
5665.2867579487065
5937.93932208114
6197.078822331882
6470.514242612343
6766.664539395673
6933.807753559324
7238.628983027341
7399.89364792467
7559.703377597935
7726.981655177128
8005.566205548567
8167.611194239614
8331.517265084665
8599.493127213585
8869.385169084644
9150.071496523396
9372.148346825477
9593.689923704318
9755.05168578946
9915.506943391993
10155.973990917746
10411.67007163941
10521.339826505302
10626.792313986123
10795.90476843831
10961.467673466657
11248.081530643147
11392.952598950695
11533.890226297586
11799.967667750312
12074.688221243096
12345.93875862342
12643.820480910397
12932.248153603035
13192.11841359791
13411.454122829566
13565.190533153227
13838.94856707123
14082.239443204548
14316.201540507389
14502.173915092353
14616.054227216426
14869.28930756815
15033.873888073507
15179.403660806911
15448.69569478696
15705.478503893202
15958.11990094875
16229.629356573098
16529.746410557775
16698.89065161443
16865.174598497124
17142.940085370952
17296.839292404602
17570.55725783432
17727.53419028683
18011.690102241417
18282.742334667775
18557.40208680877
18833.420845246415
19108.72877941628
19384.654878026904
19679.521766437592
19984.571347966183
20271.156009533577
20420.24292458427
20576.461133661025
20690.639307689722
20786.953381764
20844.163613817753
20952.53501927446
21095.604265791622
21172.752331922526
21382.35186507798
21547.65187915274
21705.965854439688
21865.551336532437
22025.80220894785
22296.685927597773
22385.577119114183
22444.397986183714
22595.702620851494
22748.29547169974
22898.173835282272
23095.57663672789
23301.54969137151
23440.41303130171
23659.04850438529
23789.566436605695
23927.944414544734
24190.368255849877
24421.80089159307
24453.020389238183
24554.049100721568
24609.116180822653
24627.693388454598
24699.58640654832
24771.267775755707
24989.884635844213
25167.36169610536
25294.09629563913
25442.569121894838
25615.08424015767
25693.656364470073
25770.606460801442
25852.565718328344
25936.038142719302
26084.820274009202
26197.163141735404
26342.375040732146
26443.48355812506
26513.593477286944
26542.848418260473
26621.62402720761
26652.88499179947
26673.638347823882
26736.45044105729
26854.75880195521
27051.074725006856
27181.542688944493
27265.425318314265
27367.852925707375
27508.105779939124
27611.452208092665
27836.330324722527
28090.35420942974
28281.731934505846
28496.236378781992
28686.491360862477
28939.391426623395
29205.874154904846
29357.907457931866
29511.587642148435
29769.65924047052
30043.903561415755
30168.094079019043
30360.818657949763
30625.07251518743
30819.626224164607
30952.93365394534
31113.404257897473
31270.961740258907
31440.103731297575
31724.370584850578
31892.76979261193
32040.169207404302
32157.05636164392
32242.514761018676
32357.03284025883
32553.475548225488
32815.57716115327
33054.30112163043
33212.784833293306
33387.60540402176
33594.74882778343
33837.37472990088
34062.75997329065
34083.763452764666
34347.300259303185
34630.157019312224
34797.27371891488
34963.516397630745
35069.272550641785
35211.29977653367
35483.99690292589
35635.45566194568
35870.651644171674
36084.48761249731
36251.39026922264
36419.2924168095
36637.19925769093
36800.76258530621
36909.36432078936
36976.22493231156
37124.35255567026
37265.1044609504
37367.268706148505
37484.50133604995
37636.80866144074
