98.76127011949542
96.73973513160263
97.25578201015892
96.97782226088694
96.82948632631664
95.11786605126936
95.59541984121086
95.54760333274403
96.14172469608383
96.1856512271654
96.47926066699478
94.42558248976455
93.79965736103792
93.94315516137983
91.80006047123761
88.75606125850398
88.48947851217633
87.9208652020318
89.20027492344293
90.39976086029421
81.13052964995255
82.4447796534333
82.15669577251572
71.8105254298165
71.23562051446574
70.99914326923579
70.94207032426272
73.24982036567684
68.76673832065147
68.12416394190575
68.85985189521695
69.33404585416784
68.57954643591931
69.2579565619777
66.73594870006946
66.9283128078634
66.7863345062223
66.79709793400724
66.73819957020292
66.73658391513234
66.84832156540196
66.91247272369074
66.72508762007114
66.19923376359645
65.34676591110002
63.72471664411942
61.36861282846333
61.373431033940754
61.35529105894785
61.2286470689486
61.41435736913002
60.57716742787176
60.56567278247728
60.143250506536205
60.024105286341154
60.72821210325823
59.8849044741891
59.21826009803305
58.49935189739539
58.811921354215364
59.008972277393596
58.35618045740438
57.26807397412802
57.38494975545097
56.186070814110565
55.481663754439126
54.24097364732483
53.69607648456493
53.60693541936845
52.600964842655145
52.49124020200751
52.130884612165126
52.90100646679278
53.379969106595624
51.833783477860415
52.25402609112935
49.853602453722594
48.5272767250219
46.69219251940801
47.08048843837582
47.663657781587006
47.4681113253904
42.66171688950354
41.93174227906479
40.534765229281085
40.73380741485794
40.057331824946814
36.7202199101162
34.50575722523574
32.72677904816457
31.48514421752605
31.344736925298147
32.483251281658475
28.379451850915064
27.595663748191456
27.95044886626447
27.696710765995878
27.675125175989727
27.67692718056255
27.78723046408847
27.81508053313502
27.795691186362887
27.796601708803358
27.796250270019968
27.80455382018454
27.804162434253854
27.743991543125052
27.73198494095132
27.72580596760969
27.702810178719698
27.684850279037477
27.663590022096056
27.617738255272727
27.614609817905436
27.374957624761386
27.2525004680953
27.22539253154878
27.188985285828423
27.101758637018023
26.686118827319337
26.89232128743833
26.521429272859976
26.67712865253632
26.463679924463854
26.32996012404233
26.260691511259036
26.208047924540114
26.25496382157702
26.28008400506553
26.27604413072697
25.777285579532258
21.942421200737986
21.89364970235613
21.894120569492433
21.904657399620927
21.899025684149077
21.84628468493393
21.843109814324393
21.900634780830668
21.90459457024052
21.857498001647656
22.039867950723664
21.506989277386243
21.455063879475198
21.38911397703107
21.350995291084857
21.35050860415871
21.443601615013527
21.141940254420618
21.129549017801104
21.166024525797116
21.269088159415613
21.444817485779545
20.2283654003022
20.734185287479203
21.15677578255226
21.42399745078477
17.03582313037868
16.847947150268112
16.845591674935378
16.848973095486045
16.745380288830845
16.738383862056395
16.70822314669484
16.477410563131688
16.46322850553975
16.46644819488433
16.466610363370304
16.45050424537802
16.450197860084696
16.455886115373115
16.346122505668546
16.339984513254127
16.27566473395173
16.26161215026422
16.166248802880226
16.15268583751535
16.06332444899949
16.143462682303422
11.405186428176886
9.829129171417685
9.311389581470703
8.37081886391325
8.260151520894272
8.257157976303398
8.272960511755276
8.248844948514055
8.249455683898411
8.246130217321621
8.235539941449407
8.235730825140491
8.235891637560185
8.2715021823606
8.208032958500347
8.20433531275159
8.090207784089442
7.901055194518712
7.915776532976046
7.916584356426011
7.957780984697449
