8.522679045698089
279.23289296276
538.1443194131732
791.6717612318499
1063.0554419473433
1324.9373445123078
1598.0896022251177
1857.555815163439
2131.489705017845
2401.72845577361
2676.6125264992115
2950.311208232379
3210.6988634535514
3487.6076768879466
3780.2342793328694
4054.95569760336
4323.48718569955
4615.642749518985
4783.840169020748
4951.1023180155335
5230.0140883465365
5503.593476884927
5764.195780755109
6018.910509498104
6270.9307543878995
6522.348428061807
6797.288579260685
7056.516187061826
7331.600267549799
7603.059668286629
7881.415344413211
8154.898625705141
8430.160777571647
8705.789824459442
8978.805317680755
9237.257632978643
9512.429310873857
9787.495419856308
10065.009828705955
10336.07217751323
10606.057869109227
10880.215591392265
11152.833745099866
11420.278341132293
11694.767531529229
11967.296220802844
12233.685447911472
12505.96973343977
12768.591088381836
12935.318451358375
13115.077518807568
13361.063349766055
13615.88522713926
13898.386066660323
14179.392462794554
14348.408701691551
14506.835522652522
14807.405693231594
14826.168179225051
14941.118930889694
15012.771492053418
15227.415697596387
15481.378438390919
15754.357740100477
16053.474705106275
16334.946045137174
16605.967754252742
16880.073251074242
17180.997223548562
17350.138382678553
17518.708106277838
17823.51652172854
17976.47374948364
18115.91415144588
18339.507525239085
18615.706263110584
18784.718988533998
18949.93007738981
19110.551122654233
19256.211510983867
19493.003174825168
19753.715971856433
19998.335107855204
20102.986938073645
20293.783501962273
20587.707298761772
20753.82946961598
21036.155553482877
21292.09757897442
21317.37660418504
21471.045017662622
21516.683612364835
21543.502516565804
21702.09943269286
21822.039926968213
22074.45765241805
22314.26116940168
22499.355240369056
22725.434016148018
22966.751420162367
23243.595251395822
23375.717398089
23529.678374069623
23784.086783557435
24076.54992049088
24351.768485377026
24410.16074711995
24694.85898446804
24816.50564994127
24984.990845709588
25103.044617358388
25265.44098858563
25357.107199926268
25448.62782202006
25674.436965284098
25932.96025562764
26222.084335564956
26522.060528274327
26797.398878067448
27066.93534928817
27241.325839832403
27354.315366146897
27447.83173305326
27591.087462438343
27705.82833704186
27868.596929041945
28068.419315070427
28181.784608442053
28328.960976984767
28591.538605885915
28773.34850768588
28976.15322582874
29084.253563763603
29224.399452782694
29418.81036088517
29539.347927350485
29646.184052876168
29893.012426373683
30171.03924823225
30454.663984579496
30685.832888262667
30819.470855858606
30896.84764220301
31079.38222544949
31313.948545687927
31504.437835926612
31707.205840128587
31910.439516363014
32085.37695716176
32239.388458741203
32446.91527916046
32700.590123842314
32834.932298118234
32986.37574655232
33240.334057247754
33325.479755830675
33428.30964334378
33532.98976270327
33576.38617077122
33801.92793811277
33935.304799311365
34124.41774644575
34236.02835911169
34319.469072471926
34428.39900117594
34577.95907826528
34781.503016102535
34890.0171241346
35025.314014025425
35068.59563577396
35095.93818657281
35129.38068491178
35146.136836056685
35265.48885834973
35379.36185259551
35418.68773713976
35478.083068886
35515.56731566941
35631.20874568386
35678.47388041916
35842.12876419035
36017.7449755685
36197.59829921278
36324.712762518066
36431.774411675615
36571.69137490616
36723.70944191178
36884.538618156505
37002.701574711995
37099.26425973462
37149.8760750526
37207.89392687491
37269.97313932243
37419.4829534522
37477.24781910195
37652.80285467308
37756.69461826086
37915.319204576495
38048.541990473685
38327.2531766058
