536.5663494243793
834.4456552624024
1139.1137606077991
1415.8183181046556
1714.1555961233519
2033.8843157980402
2341.933883122916
2730.3247679392625
3188.6992665062526
3549.246339726201
3992.39518582211
4364.81273266686
4788.567013236981
5183.463956923266
5630.802483031077
6049.989589654831
6527.577092650699
6942.176307083538
7342.504850823231
7797.8278087448325
8325.425559278949
8850.271322313041
9284.08441296991
9723.284487229574
10175.652095445424
10593.295185080005
11056.811412917981
11455.960558151024
11946.43448856413
12493.62505784734
13002.114793405486
13514.522345770507
14010.723915355175
14511.751814628924
15031.342796920779
15533.686434308755
16045.573448274485
16541.21710535785
17053.829205569793
17573.362209365052
18102.488362903703
18530.59494760513
19045.046377908715
19543.98543660229
19971.291854222043
20398.14133727047
20925.07576892582
21456.925584697463
21918.747138385977
22379.2723642487
22870.138216443032
23373.30474003905
23909.53916288127
24428.235503428445
24949.372724678848
25483.580784205547
26040.086614783693
26543.067994331774
27047.596039202203
27539.981153444744
27896.31167562639
28440.010226724313
28785.86331636707
29074.51009718039
29132.87752079926
29188.74145196522
29217.481409333912
29502.717178173396
29554.769558135074
29985.19608420514
30150.441075691564
30539.34506670292
31021.637491275884
31659.500666021453
32175.50994133528
32690.799854591398
32980.13437969991
33072.90720018562
33369.8689299769
33521.029783532314
33880.321621532385
34334.23937415575
34880.79790784879
35516.615080085045
36195.4112637261
36469.73087480334
36847.17166891729
37407.51802302691
37896.704511130985
38514.11287543406
39057.26399712795
39452.80482846221
39964.51564955482
40508.917514926936
41060.48476328543
41198.590620118994
41534.446930850994
42009.38622439902
42557.73879714207
43191.46182792681
43458.71721804104
43561.68353557088
43601.28494601057
44048.34182654091
44349.50540362986
44955.254997809876
45188.07108744329
45676.03476093498
45825.00002447017
46199.53454052412
46479.17069277377
46818.44295708317
46972.5231194205
47278.68002768929
47694.86219186052
48230.10423782162
48767.692798507305
49365.42770598835
49951.21053833182
50524.51010889362
51083.04761700709
51655.1815210401
52219.63380629255
52790.0157126907
53357.613868422704
53936.8810906836
54493.88080745353
55060.33489213887
55641.795177979926
56221.709964302325
56782.72935670085
57338.108931708346
57944.774614114554
58515.896603150584
59100.934357178434
59681.17196036328
60260.98691976433
60818.586643576346
61396.61029487217
61984.76745125209
62571.77513626243
63159.73043375356
63713.72758616196
64306.151882423575
64808.0760983031
65335.55218841397
65885.37236110678
66450.73923265285
67028.96561073916
67622.84357197257
68221.49613193322
68805.01040412171
69376.66215222751
69964.13001387574
70543.86384298962
71111.18607013041
71677.61019994186
71983.15401779352
72476.31380048709
73043.21701814028
73579.56804599769
74138.25670890295
74721.27580597835
75306.2412485459
75903.88541272264
76441.16770836229
76997.8007022532
77695.2565115497
78142.176494972
78769.93572711482
78904.7220980165
79500.08017842777
80094.07436016049
80750.24486502299
81194.56391351159
81646.4546098407
82093.78581705132
82332.2751347742
82802.88493504157
83184.92713830467
83819.55064353903
83931.92770359117
84458.08249349355
85172.98966115336
85760.77634272432
86441.68494794368
87068.50735653492
87623.33156268318
88169.96754881508
88667.56231488656
89245.9880932936
89845.52757411408
90209.54269520378
90812.96161204099
90989.93075269886
91123.94541936128
91643.47852621552
92186.46142325542
92369.8444895386
92542.16894359823
