45.40945629028953
81.03562070452469
100.34710357379548
118.86847492186354
119.12886900695325
115.37324915962903
116.27316773267262
92.08325903111835
37.52382758965463
9.833065601931285
14.499112933858429
8.048663483830833
5.94991117803511
5.3662328392794505
42.26392026097586
75.49112653906346
84.43657038536293
120.8770066464128
145.638291316916
153.90038814886844
142.43936215899794
105.68476624231555
70.87382092434171
78.68318061635229
101.57391707023838
127.28937295775594
167.86766571991507
195.10841596752033
216.52407462176578
233.33821361830957
244.82868215804774
255.11975710777526
291.2423245511909
296.2223774448697
287.6466245398204
287.9054746074623
241.11824334963222
192.97146248269732
181.29767093943434
197.43871943596096
233.84797578063234
279.79865126423226
332.5581129439772
368.62219035632165
367.66856716461854
377.0069879158116
364.79972278109716
346.8843199555819
342.7408284338988
338.77698469716285
348.72220282745036
354.7952627890224
352.4755671501953
349.1800100875968
329.19507637756675
310.4999521989331
298.78705083106166
321.4989654357028
326.90733162557166
371.85375923088395
404.96536117619047
430.9158903696063
455.97500142567657
471.16743689559223
497.3207641351046
529.9131812706125
531.4846631152357
510.41654657938625
510.15264884563226
519.2646463710861
482.56094558679314
484.5338499009221
514.5372475258599
542.0682286135424
561.8429582402964
577.883804261216
618.107136148794
644.1805044848815
641.4166895341042
643.7783239945304
670.529741649819
689.3230798862064
690.920058080179
690.1234049612981
711.7506644427481
758.9558981001269
779.3104449441134
807.8903161325629
856.6180631239325
896.7874236962987
907.9933644644991
926.2738492433244
948.2870136753767
958.490961083504
967.789357171142
977.8946943111067
1008.2375250815508
1035.573254495629
1055.282528877448
1062.6574852704616
1100.2989050295323
1097.8074420923044
1085.4653901606825
1081.6004161441965
1086.21561237557
1107.1294026266958
1142.401431553228
1138.0799322239684
1106.7069169162248
1105.9080867236742
1135.5691643911596
1121.8492011510677
1084.2347643083435
1078.1582879750224
1079.9136535329158
1101.549871927917
1124.9131258013865
1130.197788215259
1169.5943078349906
1199.870609347361
1233.7939512258397
1254.3880704653384
1253.8842282822557
1255.3434963372686
1215.0474199815656
1205.3746930088032
1202.623064901679
1197.0148662648674
1184.4448004826145
1173.1959565718048
1151.8895109517434
1130.5678338493353
1111.388539558499
1103.3948781247398
1115.559398244847
1112.7016533147605
1090.6027168598505
1053.6444789790335
1031.0312360819828
1005.8415925451411
989.5140637849091
987.0222686862436
989.5018258222163
1010.5586669927687
1045.1004629640972
1052.380029655649
1056.5041369464864
1070.4959736173746
1082.2989390313642
1093.9903028849471
1112.7154827761453
1143.923525199132
1182.8004651357107
1198.178906354822
1196.014503066167
1190.5795677884514
1201.3005700969663
1225.9397563136167
1241.6469659253933
1257.643467564601
1265.4779667212515
1286.8479454568956
1344.0588768385037
1385.745443448105
1416.1680919562214
1440.7627709257658
1474.4236153971842
1473.484227084475
1491.323370677463
1519.7495454282275
1517.1644423497944
1503.6852616480448
1505.7472948201334
1498.8246907362677
1479.9935201165079
1467.958091959728
1457.986922744892
1423.2011361427708
1417.349733464964
1415.0675384319147
1400.4864386035524
1400.6223005874463
1398.8229980783483
1422.8579123650497
1448.220966763017
1438.3535956950038
1426.9439417410954
1398.0655147657546
1393.9604345185828
1402.0411365374994
1429.1159095620392
1452.4511985540148
1469.46391930053
1466.203544647099
1461.7034292394453
1457.0347538957647
1458.125873392038
1449.0423189355683
1443.008752154549
1438.9244514605869
