-23.843508546680223
-48.591331361544135
-70.24115967714428
-111.57045492000432
-143.8074991720131
-161.05652868497054
-175.09108231549368
-176.47639056717273
-173.81889328337238
-206.42837060853822
-244.1548714467626
-280.05808952023244
-308.9982137151407
-335.24990326571856
-364.3093230056658
-387.42965590536244
-406.73665343372755
-404.64800566872435
-407.13784927496584
-421.77598994168943
-403.4150371509225
-358.8847242115834
-322.5133797762708
-282.5651327199606
-241.84459681348284
-212.3679401956523
-197.18639569780916
-193.81794333485715
-197.52391346965362
-211.7615022072664
-236.89584359212205
-273.1401113159858
-317.42280241200456
-350.8788423238181
-349.7414573313656
-325.1832976532002
-293.9892080806379
-280.31331272390423
-296.75588885624035
-332.66845565695513
-380.96999412123455
-425.69010441759076
-433.564904373236
-412.61722785029417
-397.11242275827146
-391.6782656174336
-391.08219891464074
-406.42521293141675
-443.78510028925933
-481.2424449884333
-487.1043611072379
-459.3310048354594
-423.01273185597097
-408.7009604285134
-413.2926344287293
-406.67139147228454
-376.92632972833314
-334.48169704767645
-305.6011450080048
-283.7779665592561
-276.8323785848097
-277.0426020796355
-254.8095353997351
-227.65427037651094
-187.38856196441503
-150.0858925926343
-156.0196531510214
-177.66509422702518
-173.4007945790306
-167.20967473356222
-176.73803339381652
-183.1390250012631
-186.99910264718784
-200.97561140311757
-242.514469494438
-307.37059927638416
-336.0687567094216
-331.145323688084
-309.40943397574426
-288.2378945542232
-289.7696998126875
-301.15539782834907
-301.41011372457086
-287.77484354196287
-234.77770230356614
-177.02513313316646
-186.31989014524999
-223.5256297685426
-235.38032138406743
-236.54445707111293
-243.24241520785708
-247.59431374770168
-243.99559632611516
-257.75007396244143
-281.83494855793396
-276.8572521282549
-256.523075792984
-249.43500674629323
-256.1918026888024
-264.69849109927094
-271.78401520345113
-284.82087770452443
-297.25854044500386
-303.506462590669
-325.75834731439085
-344.99738550058044
-348.7054217400268
-351.76369761662016
-351.1045111931968
-363.7814636487798
-380.146617967616
-378.8542570469381
-358.4753960935492
-343.6003003479748
-337.8241876554698
-333.44584733069996
-323.900448444601
-310.6556784602703
-291.25423687380425
-289.7900781847648
-327.79576452114077
-381.0579249856364
-431.8175780078507
-473.88375722305864
-508.9148982430503
-559.3859051127929
-589.1139509231224
-592.2311144225177
-583.5588708962051
-581.3592416746333
-578.955455321107
-559.0517089988589
-541.3135216197155
-542.9797052869435
-570.8620025529509
-609.2923240361234
-629.9246597318335
-635.6315830141242
-634.0017922991689
-625.1174733031712
-624.7122146061903
-643.0770314859568
-682.3863752233004
-707.7825658839357
-737.2312497352823
-750.4031569961783
-733.5335238530806
-725.3306987156074
-748.2768201543554
-750.0247771678291
-721.5949378971638
-699.4040704497196
-687.8262889894683
-673.0798069005882
-659.2386169599082
-645.5868991904623
-628.5914017422034
-623.0007486482087
-660.8466264328914
-690.4460560319404
-688.013794897355
-670.4071982744445
-669.9335813600495
-674.9359337034513
-660.314844021996
-605.5303143479606
-567.4424966652831
-574.1895342865756
-586.7816242656511
-582.7148856838031
-551.9294161498333
-511.8608125737362
-473.9062560218978
-438.0836084515408
-419.7516077065555
-416.308503095412
-420.7012982469234
-418.28365828110253
-412.01687544928365
-396.99959682975805
-389.4672825806036
-384.3840003455827
-378.25021507421116
-375.28048102876943
-389.3076869439677
-394.54874991693714
-396.1298571857658
-399.41344860013794
-398.7687318983239
-403.5318259473005
-421.99882541359125
-449.29849987728284
-466.29583849716084
-464.1180334572671
-445.7243909727169
-418.5280270610954
-388.41556127591764
-372.65324228801995
-362.99807768771035
-368.5296406012817
