536.5663494243793
834.4455764502839
1139.1130452814268
1448.358634260434
1792.3619225147825
2111.6133153055484
2442.427930850429
2881.427630222116
3325.1833558920466
3677.848356853571
4017.0180885255486
4468.35499782472
4901.278322800864
5360.761922075508
5779.470918660887
6198.154430095983
6647.32224362373
7043.506212692035
7469.479699216808
7949.184539569942
8370.587898755539
8850.7527817977
9296.20055014001
9765.846157247974
10212.470183636802
10598.255249115233
11116.455201856214
11361.924103199519
11752.320126613868
12159.086098941558
12690.460599225686
12817.618854357048
12969.27907632131
13090.267218631156
13084.727043386878
13364.544415324239
13891.630809637576
14090.18082460718
14252.393665808399
14556.383891906862
15079.829157803772
15590.231633982812
16163.871645761368
16683.439025097032
17193.8468137373
17687.786830539426
18165.17536581351
18706.99016992111
19215.329592618335
19733.44993106311
20279.502639768514
20818.963828354194
21362.61004893678
21874.385724458065
22378.540087780646
22900.711173451036
23449.680071648057
23989.420740278932
24542.665273082333
25082.30102108794
25631.586663300975
26171.38286460904
26699.73751333844
27194.910041305575
27739.02143789526
28189.75413492047
28746.14533933489
29218.399420708305
29741.85709560501
30275.939021856408
30817.308453409656
31359.21295931031
31875.086673827576
32340.898142033966
32905.21983250702
33447.269267899195
33853.013251571785
34351.12236318886
34915.53673472688
35447.13502423755
36005.05288484388
36560.74177763591
37091.99677639118
37528.01465798799
38165.910264438455
38753.456660511525
39308.73771976996
39930.78749984167
40182.58568442513
40223.321356360306
40686.01596124399
40995.52420337889
41201.61240826842
41225.74617833608
41467.11844555476
41471.253844271254
41649.96785080047
41726.55396573405
42015.74631026724
42549.24247131607
43073.205532549255
43177.724609467026
43547.142139725416
43809.23029259191
43839.736402885435
44064.09622877026
44193.68988361521
44561.3262157661
44790.50879177808
45158.44006774047
45530.79944839724
46148.90117722268
46635.77310803774
47014.857614663764
47154.04165444364
47567.158350168196
48068.219111083396
48248.88735501843
48403.051149182276
48841.244454688705
49393.915437115604
49975.26455255893
50532.18595374415
51076.51782031414
51643.65788839765
52192.32800175458
52748.95472961133
53284.975638490214
53787.47619240897
54401.627806567674
54968.06284233694
55539.743852384316
56075.518312439046
56634.49264515649
57146.949579394815
57665.07258813252
58233.42569258241
58801.57438975222
59389.56481944095
59978.10143502914
60565.37828159496
61143.73020760933
61715.12042402132
62280.84313419418
62830.966678158875
63399.18258084005
63920.92138162483
64475.61916176974
65002.42377768434
65564.01759400601
66129.83074260883
66699.36658284093
67284.12067125308
67882.470072365
68426.49246336924
68992.70204569226
69426.2769638141
69924.05631493859
70504.7371145495
71100.98027630057
71697.9175495597
72283.72402116981
72887.372717764
73510.73640257004
74114.8353317818
74687.69219043218
75275.80413180916
75822.41020169092
76289.58633423876
76869.85029546889
77469.00059432523
78063.90873612571
78644.70414875081
79184.57580322388
79770.72212745629
80311.55571486524
80850.84921036602
81331.02106162488
81933.87832260961
82640.08310457415
83323.83742774586
84025.67732056815
84673.63529350555
84941.33075775957
85144.19628178842
85633.73690505214
85981.76170626057
86668.57342281695
87016.64742455524
87147.92077125802
87653.96252095568
88248.2647466466
88816.03110371876
89529.31048413117
90121.86249897555
90755.01002810193
91349.36179273757
91399.02000653403
91546.92242379251
92045.79121494124
