536.5663494243793
834.4455370442085
1139.1126876176447
1467.3248449071168
1772.9963147648818
2183.0004102876396
2528.3752088607434
2938.734394218435
3385.8275644324212
3777.5305490920573
4130.819291639377
4575.323352087518
4972.669209926501
5398.382105594022
5765.1062051670415
6198.943525798052
6577.454910653077
7002.455663035008
7443.581072429574
7890.955746236739
8295.8721341023
8767.231356219436
9241.717713977065
9690.425179271962
10216.531413377224
10736.234820189728
11168.65148693288
11672.498786064882
12173.93101192025
12676.584194481205
13084.694857165108
13579.787561163292
14084.227087632053
14554.959855656509
15078.488786084547
15554.691674984975
16003.802358632065
16490.759698887632
16970.257953112985
17512.62027774105
18039.464986755163
18545.354419247447
19061.541672934254
19594.909743126143
20116.849179133245
20646.94994310734
21173.464936388522
21718.431699195102
22269.30211643551
22811.891838362484
23348.7530386577
23878.58359495178
24410.943646737513
24905.10893032538
25426.000954229265
25921.041435383082
26462.559675440767
27022.75074596295
27577.798039246187
28115.625592340333
28511.7847111682
28980.62591402596
29522.04614903058
30008.22770590594
30545.96887336761
30990.37632182329
31522.560388819533
32049.284268324747
32507.31506920814
33041.63864302057
33493.1539402082
33995.85222938369
34495.70209690714
34586.417543903684
35055.09246191799
35159.68792835044
35512.217908483
36020.532615381395
36546.997286250495
36687.13890594145
37066.4957281115
37532.03435806439
37650.106991181754
37755.01264172942
38196.346149888006
38332.89304121712
38445.37845241183
38553.554656089225
38661.9577673974
38791.84787728651
39112.039742202105
39605.87731211366
39720.66749037084
39819.58921779699
39931.167662810956
40306.92230944913
40806.53918778564
40944.89839192738
41388.64866000331
41527.60424986865
41629.25689664072
41741.033008344806
41910.08445976897
42351.88309402691
42878.2515632023
43407.10560923564
43910.415119074336
44392.11379020168
44388.16140471921
44387.54406131383
44433.23438023715
44856.06064701845
45366.402829474755
45470.27198339571
45575.83174120805
45699.04491578214
45827.033461176536
45944.30914611911
46063.45016336819
46493.539730710145
47045.59331806804
47231.6665035147
47379.15032606531
47507.74298702003
47620.81595858362
47760.33647604593
48239.5245247264
48705.31172835306
49261.61534356702
49362.73487249234
49780.04486949066
49910.94597113727
50290.34395735168
50672.386801030814
50740.64196979853
51165.11753772188
51707.92059909832
52266.04200972994
52811.87472106871
53354.7141542814
53911.06469917423
54494.38121101245
55066.86630604192
55642.206771666846
56200.83342846036
56763.715728595314
57350.03345159055
57941.4083509906
58507.60334027473
59089.416436177904
59657.617697588394
60212.91664071475
60765.03358068257
61338.13002564732
61922.37549082601
62522.062199857515
63094.62318827943
63679.43402935887
64263.81743470084
64849.57871116558
65432.5675755766
66012.40281592755
66574.68637320315
67145.23644653727
67730.12271873893
68319.22294815679
68919.62645555622
69516.89689391658
70108.93665448982
70690.69328361154
71266.19520278231
71849.55813069716
72333.20412456292
72875.76850705995
73444.83055537067
73997.59209505862
74557.20162677253
75149.71154102255
75745.54778909222
76356.13069468988
76942.96135106821
77508.893309544
78091.94605764061
78688.0773114472
79247.39682039643
79810.5548339611
80402.44126531018
80974.0609311487
81544.14994395386
82107.94504288881
82690.88282455721
83287.5009387048
83886.89215945319
84470.83591566501
85072.14423568235
85563.25072931791
86110.71535669117
86695.00714261124
87284.43910387288
87894.49545729611
