-4.05259499086783
247.398934848415
480.3618659354511
716.3766438493059
973.5071924920233
1219.9260682500128
1487.0366888926646
1755.0896878613587
2032.6301468985887
2304.6374565424703
2565.940267370027
2823.7992524327897
3086.2757405747334
3348.367333621067
3639.2530278358604
3952.408550775443
4123.199269199388
4294.739742913666
4460.623507183218
4626.133862230846
4908.0519389291
5185.983978773317
5467.086086940795
5766.3386173453955
6044.807992164232
6323.393254338714
6583.124684651385
6830.415592924398
7110.532589968212
7373.999901777464
7624.404879242081
7897.6537655248485
8185.84933130528
8488.169571063716
8633.936327984531
8916.594534341084
9192.038809743228
9476.519069441947
9722.012063025817
9982.424417596269
10268.541025931494
10556.467023112356
10745.16235933383
10973.436887507793
11235.604814725739
11390.595969264139
11552.575883164975
11841.046542685513
12006.044230852123
12177.003177713894
12309.830502752244
12468.657984897956
12619.137231478613
12774.140903001715
12930.57433576679
13221.890116910916
13530.523389455599
13827.486695737358
14065.51419550134
14254.30757572719
14480.061523891067
14674.023381634757
14925.336552563089
15084.141198577305
15348.87623206867
15619.025063235391
15776.517186137822
15937.464570220505
16078.682312027524
16241.318383342583
16415.60626426509
16708.099501099074
16867.22318069086
17047.77834289322
17326.9906542451
17603.28162723953
17752.246190862166
17911.595976686076
18040.973829892824
18197.44489399804
18482.044593194405
18761.250127512812
18990.18175359503
19235.73545394089
19428.363741500994
19593.733333118023
19766.032231970345
19937.323839497243
20199.907490204605
20393.557856460167
20643.72682475551
20918.12633336693
21052.489513960925
21061.96836187621
21323.399946335336
21507.25594727292
21733.47019958431
21935.062995979853
22214.681753672052
22334.938358060554
22500.62132918324
22612.32737919082
22738.02195381211
22842.92267044021
23118.403652122528
23406.92795658071
23664.4995483803
23859.700195542948
23955.069349885154
24035.41171034845
24121.25728345778
24231.55972405258
24314.475885236592
24545.79436395616
24817.90978968623
25091.43788361325
25375.34891809494
25631.997663109207
25820.34595428416
25974.931719052027
26243.44988724463
26511.231331796636
26542.675005811823
26686.329155640957
26984.475369078784
27253.33033282136
27512.13424961858
27641.042692275325
27852.718387180405
28057.971214232337
28168.980024470417
28273.775463899176
28412.42259980448
28625.221476511706
28828.225365398066
28934.555140997018
29223.796005937318
29498.153967829392
29616.45067431812
29698.059312374106
29769.62517680305
29965.058793823133
30084.49309700724
30179.378568283944
30272.875281761804
30365.4841500119
30518.07873999685
30747.21898293629
30942.5726530876
31170.144613831588
31329.418838514768
31555.229121488635
31737.015016464888
31844.03486457044
31950.570768042406
31996.623521741072
32006.941199625053
32090.872632894585
32207.653284038188
32392.225779495526
32610.12530929211
32820.52042127124
33011.05339639066
33144.24904441338
33193.44856800629
33374.76927728718
33434.21041646131
33546.91909060253
33611.65136430875
33689.903910936664
33883.01588389187
34010.60902566128
34242.969901886834
34494.637341989095
34598.799190116115
34723.112565704454
34943.735181430326
35034.86233222582
35107.71011754234
35178.28079244246
35254.56349196933
35413.33478459936
35552.24225979318
35745.152012706596
35956.315571181636
36079.65960685803
36259.44277328051
36529.10879110792
36648.50095837868
36663.454411807885
36823.17976347922
36979.21079980134
37088.38960842564
37146.62446782515
37285.565107044786
37349.675863047865
37497.33539845694
37637.22372737855
37770.90844858694
37884.140370423986
