8.522679045698089
279.23291060494336
538.1448282534982
791.6730047469658
1064.8361777977861
1328.596517558365
1599.6042263037073
1871.4009134416972
2147.6113569453664
2425.0271498284164
2702.968845796821
2970.8546222596146
3247.339667140037
3519.16426940436
3795.06560521152
4094.4171805617634
4261.461399444379
4430.599835489797
4598.39606259486
4767.438063195393
5048.841285382653
5322.914225937751
5595.114023558032
5879.847074568216
6153.46641996707
6438.341353921942
6703.754649602358
6958.7576916051585
7243.56500737387
7515.956800375903
7782.371688359532
8059.266395689744
8334.142860411266
8636.911784103933
8783.741986155666
9063.376470358391
9334.120424282026
9611.67250662188
9858.595096639372
10130.117611195385
10415.974472764974
10689.730067738086
10867.80622691148
11105.822906668403
11393.338255915125
11553.339681668363
11721.529188670624
12021.486070267501
12190.33741294464
12358.524011849348
12490.64836580106
12659.788442983316
12822.926193572817
12988.129315411032
13155.02699436624
13454.869092830879
13758.685938040137
14060.152698016138
14298.416589047281
14501.595894306525
14747.15762846265
14954.575598273885
15203.998673898677
15346.65540819715
15588.346250555787
15846.756570316524
16005.737558178438
16172.87913141529
16319.318246712128
16476.6274751402
16645.232646561457
16933.02049607304
17078.755715358388
17241.007742113346
17498.056803596068
17764.881056914408
17916.278597513574
18080.01354079609
18211.03750524535
18369.22006206849
18649.94465034817
18919.58139507956
19157.927808460965
19407.956574502765
19615.889262534685
19787.064201496334
19949.258444887848
20114.176607305533
20370.55723226103
20547.703308346587
20795.174665537914
21086.50087736782
21232.799808576627
21245.50747652477
21522.215258092376
21726.358835339775
21951.777280411385
22166.703628746407
22468.842059220602
22587.119226059724
22753.40683850291
22868.78134869614
23000.95895664222
23117.328703956733
23416.29499970798
23713.268181259904
23973.270499413582
24172.57057833548
24274.133337208248
24365.52168810267
24464.071928284455
24590.096793882964
24681.99177104498
24931.010748130222
25214.114113968495
25493.099160014714
25791.03939237195
26055.399489602907
26246.128884544767
26411.85399581023
26697.33958007253
26963.460192197337
26982.283334787153
27118.65478575732
27421.071760227103
27709.188170302157
27974.14601393479
28107.720330038686
28332.776878238317
28536.25598967004
28652.160769382856
28770.93812685783
28928.397867436965
29175.441679280484
29405.37899660515
29514.304780098493
29793.20127230683
30063.167057426614
30204.756544964242
30297.66379382634
30380.56199063591
30582.87910903613
30718.385749420155
30827.47220188637
30943.566706590835
31042.915393382293
31207.712694197282
31443.17554998274
31652.74387185559
31888.79477904623
32049.970708329063
32279.516893723707
32455.916617975236
32580.443265978887
32688.242257856116
32732.708945832317
32757.77729298466
32855.48103127994
32979.1864652887
33172.5707399354
33402.60529576008
33621.16281601358
33818.93252681097
33965.10950283278
34028.5828400973
34221.501860180375
34295.062519296436
34427.731440901734
34502.772230722876
34586.770748722396
34787.0089902449
34922.8566863157
35156.459420523315
35419.01877232149
35531.506590779456
35657.036955778385
35881.49196264508
35978.62373919407
36060.10928957357
36150.98932410878
36243.73122718334
36419.65835754153
36561.9198327467
36769.323625792524
37000.018071566024
37135.70416122057
37317.845263358984
37574.96931588185
37697.5710730026
37716.320444013574
37871.387693771205
38010.3200740062
38116.224389585055
38161.31789026191
38286.228319666705
38340.83905179331
38484.628696425934
38622.83651608262
38768.4239773842
38898.869321820486
