31.402817171220587
207.58425047315887
363.51006106670377
643.3963873260107
901.8622733686642
1155.6292862357514
1432.1819998791798
1681.230756051359
1912.052903549908
2167.4257366228894
2436.8542898952514
2728.6334647122053
3010.1818548202214
3283.734976305341
3571.5782074840654
3852.0685608481826
4113.0617922721785
4406.363118417229
4705.0161042904265
4985.317514629636
5256.6929767328265
5498.408987619452
5771.861078106996
6083.128633232502
6219.142878619739
6349.481913252348
6650.366225226265
6937.624547790177
7207.526606036315
7505.695731941127
7662.804408859484
7944.3791239070815
8234.131561541577
8512.778521983275
8784.683023640799
9057.906415781865
9311.147654409153
9560.589796908604
9822.219864370902
10091.06255625239
10377.910041952457
10676.350097714816
10975.35490337309
11264.210084089047
11565.631377620477
11872.501048648579
12035.244598103145
12311.95304939425
12587.813220716816
12829.585205197493
13086.803285736067
13387.228314164293
13465.398035226086
13704.785700508653
13723.764880836625
13769.105579466432
14004.643612059217
14278.560790854483
14458.13809273812
14734.61578708907
15029.801235874995
15323.170273473113
15610.787870262537
15828.598080779484
16050.20428530754
16313.696455430181
16577.159067603367
16826.20661315681
17015.576495939375
17228.872536938226
17490.272425597035
17768.185200827014
17942.86952360676
18122.946292903434
18298.8906090768
18453.989665041277
18762.23972723329
19057.402899722434
19223.47055032269
19479.51959499529
19639.002864352307
19872.4173994296
20011.076803381522
20174.2436305823
20381.091820904643
20565.327760737688
20790.039198209335
20835.02518390291
20909.070355434153
21052.801857913466
21130.371947630516
21292.23929481514
21504.527005324617
21783.52175486898
21951.088248958855
22101.676428548035
22321.73884712711
22467.468413713774
22543.587724807214
22705.09957584014
22914.67118943644
22982.634046309468
23224.499924320924
23483.574329705545
23705.650869749403
23948.740611776055
24206.45020303364
24364.012910356778
24486.589747114613
24531.205013204155
24665.700409304965
24861.08292974007
25049.93045408109
25238.409289442847
25381.680221036382
25566.586439727205
25833.007611675053
26067.6815839457
26353.96768996956
26580.190441032777
26792.581460143032
27086.563712374314
27271.014640085315
27426.991460331523
27660.670037679043
27798.370619812817
27958.113778468014
28123.99550177328
28275.837790438272
28367.749883513734
28604.01428328262
28752.04200936434
28822.064794693753
28965.146036318307
29212.815386824437
29283.4470735228
29524.784051080624
29739.93060068763
29802.25796148634
29880.93317842677
29983.729135424048
30138.63538650791
30381.7411135955
30570.35082183821
30721.310229700393
30852.2728299878
30993.860729994016
31146.731714958165
31318.24205785138
31350.53505218616
31478.250351359828
31634.351743255942
31827.745370899633
31966.903638529726
32163.291206276437
32258.086957664666
32386.798794745842
32566.87166445892
32744.029352686906
32961.53011037956
33087.14526054734
33264.82898440126
33516.77162523473
33776.68033208772
33973.798121316955
34158.75452869256
34301.22228596119
34478.208920255856
34611.9162320234
34777.13880932447
34885.7427376033
35050.68980811425
35237.236774944926
35364.60625397344
35476.45716682636
35661.41250714379
35928.3135540923
36214.47029601965
36375.03355536584
36601.78207368225
36841.23198522775
36981.792667170346
37216.86745325404
37442.73902645775
37734.26558597018
37854.46564201537
38017.50260619059
38264.0392080481
38378.83306834778
38602.96337026999
38815.07936391191
38846.64811044301
38967.72826216793
39010.98600911811
39088.08560729068
39220.61503086743
39271.44298829102
39402.136211853336
39522.72126354489
39557.427585147554
