-3.3990752276420224
254.93718709667536
503.0223221491551
746.7041208750726
992.3849832261304
1231.9899169081987
1475.0053739636655
1752.9506648303554
2025.3465642892304
2265.105711389348
2508.211441759589
2800.4955894558802
3079.4326117365854
3357.711305595905
3628.736069275329
3894.6272433424133
4165.842987907333
4418.983456221064
4683.584166145655
4966.342630903393
5226.754066034669
5493.937168613473
5761.568884194522
6030.554811514947
6285.002345002876
6526.410943717829
6798.2575122784065
7032.026733767775
7280.704390919985
7529.600117897243
7805.474958123254
7944.587730417341
8084.254397193702
8289.632420965116
8378.008137671215
8584.786331186058
8853.019967837958
9115.938602024082
9372.231447208704
9628.454013454791
9910.183790176437
10197.49861550907
10490.266717222356
10761.306331967482
11022.367007465675
11282.387893979001
11550.197948149427
11822.907383286321
12096.070021390402
12380.083780852263
12665.707525171156
12947.46962631595
13223.215100374922
13481.201489635665
13741.358745547
14016.859547724549
14299.679306602246
14582.519686450096
14866.215013779734
15147.769012332783
15429.131088855758
15700.938425599603
15964.011494793389
16231.414020019098
16507.96212005957
16770.34866193825
17060.067441866555
17324.80404197378
17593.207115712685
17863.91173107397
18135.369265059246
18408.147650575163
18683.597820266183
18952.01589383541
19229.78027669117
19493.074394477622
19747.866600925576
20016.738325004273
20295.382919773663
20566.72407532208
20845.71333857382
21129.89218045161
21416.254204548775
21689.30625044318
22000.970415906373
22298.941407416627
22575.292611269004
22866.37633793262
23025.432087349716
23130.029274494504
23291.49528233955
23443.348823892982
23592.671520718064
23688.303503224186
23834.63336399398
23841.729240856854
23983.51507560266
24107.091143028912
24276.706296804023
24563.65503902961
24859.91005886586
25014.53264476981
25277.498866666756
25540.12787273992
25639.41386325459
25852.84528957461
26038.13126922288
26277.56243942295
26510.762948613403
26739.225214825743
26975.524897812793
27254.84909855739
27519.243280480747
27780.455529717303
27983.00941992654
28236.18399547193
28522.17288297806
28713.27172460843
28922.497220601545
29163.725428097812
29437.157026269455
29711.121601541305
29973.439540393945
30238.42942256668
30505.654613698513
30769.060187710587
31036.2160508849
31312.111017648018
31589.776110266754
31877.342924103574
32150.31082095041
32414.818446278372
32670.69082118927
32920.63307137296
33165.22462367755
33425.38691446432
33695.09102883017
33973.63710147615
34266.65105252515
34562.699305200294
34847.849153591786
35123.94140788991
35395.103362716814
35659.86776144323
35922.642500518465
36176.73891443064
36425.56225462282
36685.90700388407
36945.84413227142
37211.17148170058
37477.741588066005
37751.69777251457
38035.38990051758
38318.12489307663
38584.1034550817
38849.87021864467
39098.26495292589
39361.0649053199
39641.742665244914
39926.961915389395
40210.582035907966
40495.179312468725
40792.15159180093
41091.331951695945
41376.080168652945
41649.63389934506
41921.834420605395
42185.64862587545
42438.515139905874
42719.66914299869
43010.821594164736
43302.848613708346
43576.40607683916
43844.39820327458
44108.49018531192
44359.294954595505
44612.23925482392
44874.99681125686
45174.800756655866
45486.35607483413
45783.7683262113
46084.81097439498
46371.19370744946
46635.2844075074
46787.25830431011
47066.37494139867
47223.83325546221
47524.41763021258
47685.08814222203
47825.34897786654
47992.46939676879
48268.44394526206
48559.408508106106
48872.437544593755
49172.61228426862
49462.90000715751
49761.236003114995
49879.54416935797
50021.80221907268
50189.100617997305
