8.522679045698089
279.2328900679972
538.1432471611738
808.9682702689308
1080.2976759998674
1348.8025739259524
1624.0989124488053
1920.2934074027266
2082.6474908667037
2250.728422988294
2531.129124997778
2791.3699839021438
3066.591440820199
3362.8275294477203
3642.471330450176
3919.069129398945
4180.123729078235
4433.616236669221
4706.223569664176
4982.391512780927
5257.451875751646
5531.428206427473
5812.558726879137
6079.398602809899
6375.000554790602
6643.51070757868
6787.444043526468
7078.32978417395
7246.712166041395
7389.796473792016
7558.940554313993
7728.087709688967
7889.632779264589
8169.0973130502725
8447.001298891162
8722.807804542968
9001.734627386257
9277.66005519116
9555.21771853737
9830.32590101924
10108.417738105061
10384.275961597281
10662.145507911415
10937.98138795063
11213.137340962196
11489.105815185838
11767.551752871297
12040.788315550648
12315.967020320399
12590.03990776799
12867.681762874487
13143.593500178975
13420.688069047077
13696.398682806843
13974.111429511619
14249.904881794268
14527.118702658363
14802.835457822028
15080.5385155098
15356.309462277992
15633.683949443592
15909.4551656877
16186.172973048524
16461.789133421586
16735.15536576674
17012.354906932316
17288.175859873896
17561.573662504386
17837.32866509674
18111.7875963529
18384.989861639653
18661.86445288361
18937.55596398347
19212.609859247197
19488.288508555815
19763.24599657383
20057.33256657142
20338.593307624174
20604.67830390163
20874.47733683811
21110.279101892487
21316.15060584387
21467.92353085139
21716.052035337587
21974.427090983158
22261.434099858565
22535.989811225238
22814.274473047426
23089.983909349638
23363.447425070302
23639.334632151367
23913.746731717372
24187.04341181209
24468.395813152536
24742.960364141534
25018.23589153436
25294.38566480854
25567.157826185696
25845.195914028252
26120.915972741983
26398.478803579463
26674.257088112045
26952.516906534078
27228.33438201152
27505.26324187832
27780.893157573177
28054.274495972157
28331.66891100585
28607.47178380722
28884.46556911695
29160.20120995065
29437.99175801007
29713.77370244381
29991.344850747177
30267.11606515088
30545.137248969084
30820.983211631657
31100.103456432887
31376.07897287303
31654.093702672562
31929.918992758256
32203.297483146143
32479.177755876175
32753.634041482463
33026.966141908124
33304.127108717184
33579.87812371648
33856.98854942259
34132.692811468885
34410.069286452395
34685.810050014945
34962.789879893375
35238.43663377379
35515.858856469
35791.0965045472
36065.37915551657
36367.71661556022
36648.43922126062
36944.04815347055
37213.2243155963
37482.39152727548
37780.333192233986
38056.64008813292
38320.60140439691
38597.545811492026
38896.214412181354
39177.48176251426
39435.58820806469
39704.77430854233
39983.357444532034
40283.63075361708
40560.59176491243
40861.4436047568
41030.575838422745
41338.999287571685
41481.648676456585
41751.16199589271
42019.70870022119
42292.121586604735
42564.17673358921
42841.44320827003
43116.54042955581
43393.6607361203
43681.44552336571
43946.9904970218
44203.6242062722
44479.64791001419
44757.15072072664
45032.28917711222
45308.61554302716
45524.98510662828
45667.070226152944
45946.536134165995
46216.56014644346
46488.5848223205
46764.27407973796
47045.618053246864
47308.79852209176
47527.128216726356
47822.91424135295
48063.29047650825
48312.39228796369
48494.1199094852
48629.00290236215
48870.167399885664
49123.644400266734
49404.53988827618
49650.672663941295
49781.050286611644
50044.52364810826
50348.387367114214
50517.52074145564
50798.49015663065
50941.46412731584
51223.56356416901
51515.13205679233
51651.19532837687
51796.62054669362
51954.03497784895
52237.04372582812
