98.76127011949542
96.73973513160263
97.21578056460854
97.17471521786798
96.04492932843178
95.99473282753422
96.445563822225
96.22590266539505
96.50210054465256
95.7301126387739
94.42801128257476
93.92796715485188
93.48315258351352
93.45521574188291
93.21527580507552
93.49195434820258
93.78151867359631
93.65665637086283
93.9684846671963
88.37986245217665
87.7556923185707
87.70581589386535
86.98174871103069
87.68377127906076
87.4030689238498
87.43046468887472
87.05647079222346
86.74140868809565
86.70581912863126
86.24721671119543
86.09042593428286
86.22130233586866
86.31974687582156
86.49634950362528
86.89135217277061
83.54640065477847
83.56764049830909
81.48403187866455
81.17271557045837
81.89761714569659
80.38397471766538
78.71777778508981
77.56276670330534
76.84106079097056
76.08385934301164
76.32044047966268
75.1872935176673
76.21937671362299
77.05502495881748
76.35434662845046
76.32585365955363
77.74529817683091
78.2686903922002
66.44340821279006
67.95879458366551
67.90056009005777
67.3789081070688
67.34850918316035
67.34617578516342
67.6314960171247
67.62898271871751
64.95535399387701
64.10082999974337
64.14494077731861
64.26501300471934
64.37015685765057
62.50775543824028
62.50327483468077
62.47179197981083
62.39498389032592
62.29210088482243
62.247570979323484
62.26832814881718
62.22217003517644
61.87526597989088
60.9210531947743
59.558299239354795
59.10438825766137
58.23879157944444
58.16868891192745
58.72279209756188
57.70911162970515
57.67876024170193
56.81175127221277
55.13006964671068
54.78776760447846
54.82547063192847
54.03198437550679
54.06796640166224
54.00311697802749
54.01059403901476
51.355348278924815
51.43869060564887
51.435621836439275
51.5726206488766
51.59518902204888
51.25849368576771
51.09607271009331
49.92809784282319
49.10338402570189
49.03949393134775
49.13387036488023
49.05181965659918
49.014587531674344
46.621565215135305
45.74488827636079
42.38789546044602
42.381082649678326
38.92016669890326
38.062630766494905
35.16231240712629
34.80772960300997
35.98141445178291
35.293306281224666
35.31578696978039
35.26394354496236
35.26228737224909
35.25977904775267
35.249947053483105
35.24191356350599
35.45257581049002
35.17823324764473
35.93056132853497
34.400343857062616
34.1745044562212
33.65604970088216
33.6498185082085
33.967712197998615
33.992558868091244
33.59768231524063
33.503434332350835
34.30872995373309
33.302166070528884
32.80029551897833
32.82129069658221
32.77594551826358
32.48993059233335
32.062943884925865
30.662383571567197
30.727012699093283
30.91019589106371
30.94265931636299
31.048577675932755
31.039918147740504
31.045512006161808
31.05491835355289
31.019817240048777
25.604582992860482
25.05096276921317
24.775870437767857
23.791921923069985
23.353195895865657
23.198517438562774
23.109930272750603
23.124001289684543
23.092012161329443
23.512682877978474
23.345196284583572
23.536205769944
23.53202650245464
23.523885076274023
23.509551675222127
23.496875074438726
23.56748505930245
23.67588452056757
22.593615070158002
19.33169516855469
19.271244964687483
19.14502779444217
18.856487643904405
18.90421021174241
17.84795247428562
17.682484193891014
17.6279469040811
17.582454191898673
17.5039552294553
16.825425214287744
16.79686983909469
15.969940431352134
15.481130048915766
15.421662100967223
15.419017898721481
15.414502507897337
15.413815717194879
14.697270728865883
14.681416344722093
14.580828327423765
14.557675361453247
14.605251550452529
14.535463469106482
14.348892754027213
14.327572938945456
14.329092714393319
14.328926420784397
14.328155511182283
14.314709759824122
14.308464488733387
14.239118179747486
14.170317067716558
14.165403412254362
