536.5663494243793
831.9799038851089
1111.7009034705375
1397.1577842125184
1758.9154631777656
2100.3398500225867
2530.332841159337
2971.700889228907
3380.3677342180613
3789.3319047689115
4170.042759449006
4541.618584158597
4998.868629073902
5389.242562222603
5837.6559573022505
6242.0069445177705
6650.394260758095
7048.533404108286
7529.294874687558
7997.914513158135
8516.97858149958
8927.567171857383
9383.87871339436
9492.447805202244
9603.06017425734
9722.197024368985
9761.63790519333
9846.993398055256
10007.558124652553
10079.734588225278
10517.290732246074
10688.759336338897
10822.039029753785
11322.019748821847
11455.240382138167
11851.813550259354
11993.808713494214
12113.489675611228
12620.97617881725
13126.029499204571
13248.302742660182
13684.584206203275
14209.892741710957
14714.166158178516
15104.269239013911
15581.78254774973
16128.6469311901
16635.591667068686
17137.287164069254
17679.356533685783
18159.644823669045
18615.444149109444
19077.85121015133
19197.403302511953
19252.029638375618
19559.576377123485
19987.982248006978
20092.145929894898
20168.124412012014
20248.82584697378
20707.141986799987
21087.393733974488
21539.830527484108
22065.59352373273
22619.10382023401
23179.523614622427
23674.81232588701
24173.042872372826
24668.59561733624
25198.27188713215
25676.51661440779
26191.73294105745
26696.22183316427
27211.672044367446
27704.235391411446
28124.097462936665
28623.93659877173
29189.163724826572
29701.481793703497
30226.969297564974
30754.234621070034
31136.84771698548
31545.595738410837
31922.94501382046
32367.778866084976
32520.28565705551
32624.525596889096
32731.8366199681
32817.03257050593
33196.22352923541
33585.5989903302
33948.970963786625
34349.66383468352
34823.6171210061
34932.97673944772
35037.538917008926
35084.64181202098
35324.77505011951
35422.23744432837
35436.99216300397
35480.71399811802
35511.53187919823
35486.858325844456
35739.17074501512
36057.27412035528
36528.204583915416
36921.36717981676
37092.9852399112
37210.483054250646
37360.19443325797
37776.91666492198
37963.67196727145
38365.552227183805
38466.05141306658
38807.09926601215
39159.39096620064
39551.803213056104
40051.344306117804
40488.12088812018
40629.249383915485
40715.78517163138
40840.667066657756
40864.13170873997
41017.60469053407
41045.50473747929
41213.2392512841
41665.38061854375
42060.299118273586
42455.261280482795
42848.60823498676
43147.36694550224
43550.00327158522
43979.79808654892
44378.48594263573
44580.09583213845
44616.85036900743
44873.48134908847
44984.530117039845
45021.37256120295
45335.808264550375
45433.87311105053
45443.308451437435
45517.39390625344
45583.06213501353
45653.32230253158
45654.83420008066
45642.20399276354
45770.18514344724
45861.448857289135
45964.066425829085
45982.452453561054
46052.31130865123
46114.02766889567
46133.3469267362
46160.94488713367
46163.73940118722
46171.70914496774
46156.64881755297
46234.84784370729
46390.54187761568
46539.66231235396
46762.18633941442
46977.91712308746
47241.6452214353
47352.58594883642
47623.31898238409
47749.22676678129
47783.88207184779
47909.53369312612
48319.29938421399
48450.63973795608
48567.640587630995
49053.85463263473
49071.05837241115
49389.46623172101
49539.60147077388
49965.479003597604
50060.47414715197
50097.992739395224
50129.04198930885
50236.076311848876
50508.67409953258
50685.74502739053
50691.24598510893
50743.26436663045
50856.11093657498
51070.45897652618
51313.91899032241
51550.22736017507
51684.62767640542
51721.28529441273
51765.33397453644
51975.93349821131
52170.77836699491
52249.235911487696
52273.6834223679
52308.817674946826
52603.46424743474
52684.20777350732
52778.34941616117
