8.522679045698089
279.2328650520844
538.1430200126342
802.7638763689804
1070.0662164380692
1346.2973295441736
1606.8270232287805
1901.6228962953974
2183.68701229761
2459.0640123695694
2730.6112666100753
2990.742735623876
3264.529666644653
3538.8300281559423
3834.7629916378773
4117.470824175563
4400.513621465437
4669.67579753959
4943.617448551382
5238.035566065903
5515.771276514358
5774.7805308667
6027.980195308325
6297.284982071974
6567.86958707825
6866.1679182369135
7015.502710268923
7184.3664639181725
7467.56852924653
7631.342150480352
7766.418980983241
7991.669455994333
8153.500095266175
8316.286805307216
8480.76426141614
8645.714274228547
8796.967749679048
8938.991014155252
9198.636499526969
9451.850841710811
9728.34341430148
10003.80743878694
10278.84315329971
10556.565474334324
10831.69090463694
11109.205277548055
11384.942586632897
11661.20988091831
11936.108103330447
12210.59224345165
12487.855379344106
12747.660428578944
13024.371954108648
13299.85032360509
13559.001358208252
13853.549550064947
14127.875289579239
14403.443694946933
14680.409684223174
14956.156516871573
15232.58888771114
15508.204421039261
15784.929041699308
16060.56963966871
16336.930738612813
16611.84456988617
16888.860729056218
17164.573313766217
17437.97960132472
17714.616353024634
17990.371286280537
18267.330042225007
18527.053592478733
18825.366080734308
19102.658136575134
19379.4469281019
19656.065184587245
19931.71975036394
20208.338717549963
20483.986236700013
20760.835151770578
21036.49250948714
21312.721556785735
21571.985552928665
21869.924497094682
22147.023611297867
22422.705043797425
22700.093943756307
22975.871468877645
23251.81701963024
23527.388686765174
23803.727017489182
24079.338790572147
24350.48866708759
24622.767461643205
24900.088757438414
25175.2835781331
25452.347651246222
25728.034694761594
26005.05153477684
26280.742984889443
26557.148119316706
26832.78956956005
27106.066037084507
27365.152630759083
27640.315106652037
27916.02515572572
28190.426574157325
28463.64015328822
28740.19592809292
29015.52071137553
29290.346882872167
29562.267936622517
29831.941377238505
30135.288122158334
30290.197066169087
30454.839850196946
30613.81393467699
30898.072081654787
31175.037541114027
31344.11333738965
31642.389984889272
31925.437121151186
32209.189437269222
32371.900045996605
32632.650782032015
32847.215873280235
32998.74783936725
33189.372494969444
33435.472561169016
33696.32945816475
33966.876144081696
34254.34461432267
34413.37261051238
34582.473085914986
34739.136673409535
35010.104875989564
35281.406571980406
35519.06096059855
35772.82875565748
36047.415803553886
36323.45052574069
36598.52111389833
36872.69003854279
37148.273926089605
37421.559118360725
37698.025639174426
37957.343610522264
38233.891529251865
38510.756430071386
38786.45340805901
39063.20439217215
39338.82946854578
39615.325452084915
39878.71301715785
40123.85899168838
40386.750389903646
40662.40738034361
40934.83371493409
41207.25577110237
41483.45573265943
41753.781698052175
42020.77714595442
42297.31918025619
42571.14131663136
42845.45540050828
43118.61813661229
43325.63692622331
43555.26841513622
43823.731387530104
44101.607123949405
44372.39036921861
44648.78682795923
44780.28955661406
45019.452422660084
45275.71558184984
45566.91250375744
45839.82305380045
46063.18316052195
46287.3805985326
46575.278881461774
46804.53466227883
46999.27305544314
47144.025536108195
47225.97030001967
47483.135226225764
47738.573429476295
47910.25460667553
48093.85269064902
48321.31804090779
48587.0678691592
48883.98996615513
49132.43402233951
49387.84398240152
49689.13459813368
49746.04539629524
49895.22785562004
50039.38180947423
50341.24620936377
50491.087477056
