79.00685795093895
79.00736187888263
79.01372604654719
79.13092289522756
79.11501446766059
79.14526603482331
79.4997812225108
79.21801601455532
75.16160487178286
75.0891141705261
74.91347957707913
74.93148480979558
74.93569359417927
74.79793677807928
74.73486457841136
74.57182672899108
74.60604492688603
72.52307263799939
72.52873891117007
72.59569558822957
72.5985755060559
72.59254264518908
72.58576329107653
72.60262827556456
72.65164118876405
72.71004654228314
72.86025612421025
72.87608506649454
71.13137582820492
71.11197887626923
71.10606693375072
71.10784803742612
71.10933888373914
71.11002038258768
71.1236096829429
71.80676415346491
69.90423016332922
70.43386329590163
70.4041948544562
70.95425477100424
70.96082828065185
69.846844739874
68.99861017662369
69.05860781255016
69.00747843635111
69.00899885888916
69.01592582003414
69.0202450338592
69.01506987310823
69.03117673768867
68.9514115532739
68.94510488050943
68.90194492745202
68.78994794424958
68.8585182072204
68.43435981262071
67.7055458569796
67.55460029083402
67.55004936873658
67.56217920289907
67.47282243400328
67.42740554564472
67.24406049828679
66.96580458585896
66.86711811217563
66.78846198209555
66.23825534253793
66.2091689807129
66.2023609622297
65.28603009071175
65.18209977603154
65.17163649992368
65.26943568075433
64.3326836703059
64.29757916680023
64.28246326548587
64.25216301423823
64.17044474015916
64.14902047612688
64.25907950375868
64.27195054575267
63.99031427472838
63.95552879017461
64.04904617108022
64.12005827637026
63.9978515765396
64.56211963396092
64.36524132506679
61.529332757672385
61.38630898879079
61.37820472982233
61.336019482645106
61.33911559704236
61.34264673664906
60.5708039316079
60.488679860457594
60.422809641966666
60.36688227797471
60.35484963561748
60.37435805802912
60.3722623581711
60.37101380200615
60.36368577693559
60.16304132422216
60.086818019162294
59.996788471944946
59.94994629938062
59.83168866217853
59.8825531361727
59.90805319791496
59.310703018769054
59.39951818560644
59.315275722799726
59.00501609264551
59.06037049261206
58.90798280282005
58.99849152877385
58.920600791083416
58.912841658843746
58.91124408817362
59.02420218488721
55.61658644388769
55.61970222064876
55.541684877455985
55.553503616225825
55.5530603223047
55.558780134352894
55.55997181539141
55.574792298843896
55.69068655826754
55.494601853803196
55.515105754192724
55.12821857014111
55.14980276651262
55.13591502890323
55.14134181119483
55.13575782328482
54.074467667489664
51.999641879633046
51.54331615242706
51.62220132153976
51.573648068897036
51.34793527772555
51.373649493815805
51.36615325115221
51.249651430853156
51.25704639071943
51.235115794275046
51.2373910896828
51.25426930582378
51.209334297965405
51.19283742037541
51.18918269518573
51.17178442186468
51.264888803836094
50.59756580149308
50.508332393986265
50.468848391742114
50.47842857593913
50.46096950071638
50.416726524870164
50.399127593773045
50.99674897824909
50.40229991282392
49.98598449006247
49.61405884632779
49.678495479637974
49.60718316012316
49.22220124236524
49.17433009187743
48.88328211843444
48.999112833726684
48.90415945235482
48.833766715244984
48.422668007225326
48.257330068200716
48.51404401146023
48.554349208868445
48.248274626394256
48.24841252105346
48.23762923050215
48.234835019902036
48.21136646824529
48.160038222281955
48.15987475907774
48.16074686456123
48.14964475827978
48.14913119575499
48.14750107797094
48.14719491808276
48.14250839285884
48.045081601952894
47.60945127670087
47.73032249608456
47.449925419808075
47.29290976099469
47.29487344016914
47.30116413535691
47.30359470448574
47.445154397026315
