8.522679045698089
279.23284003615214
538.1427928633016
805.3739421676315
1063.272682164802
1338.4293694648968
1597.7235321941994
1869.7114101099428
2144.804754360022
2413.5490763214098
2676.2639003548247
2953.0471891794614
3221.5958086568453
3494.365091786977
3753.160272468885
4025.124328053238
4283.97011960015
4551.073428165024
4819.123598199566
5092.014707860049
5350.821499208823
5617.500246899409
5885.463683316818
6147.7839392854075
6422.861779149998
6697.962287361557
6957.029068201354
7232.54607609462
7507.51384341653
7783.65884544919
8042.771747955462
8319.144235664597
8593.756576469354
8864.721127873128
9140.549629065428
9412.544117767115
9684.9498623304
9961.25812000687
10233.90523840908
10510.258774854085
10785.298519527814
11059.626947385068
11334.323238947229
11610.379307331583
11885.21396991933
12161.325164290156
12436.174825619124
12712.287274602731
12987.873700878634
13263.393425868511
13538.164720196277
13814.257506542383
14089.83420855462
14361.03354948834
14637.330143080806
14912.36130381806
15186.662263288836
15462.055692333048
15735.301615995364
16010.36949599295
16277.331672799193
16535.55881201644
16811.73089184348
17083.604798526634
17359.697229486737
17619.264740920426
17895.326605222155
18170.01260149681
18440.159803563613
18709.074315805177
18977.014830844975
19239.77401375441
19515.750780878825
19644.630574363015
19908.037031816362
20046.360404235278
20295.957760507783
20562.860567917014
20837.049994781562
20972.322151036566
21225.417946008765
21490.542365259465
21626.487923797155
21760.90256340852
22022.83499434627
22165.68078130246
22303.86477325965
22439.12569862677
22572.258201628923
22713.618352585385
22965.578677233494
23228.100675311354
23369.265834920698
23504.259328856657
23641.334921090227
23894.702341303226
24163.042851520797
24307.834486928637
24570.338266539467
24716.71880870968
24856.91960281622
24993.32182278089
25137.72446158433
25397.306636953166
25668.26411766155
25942.906961032957
26217.175032790456
26487.962468535836
26499.79621458865
26591.367445468848
26765.555799161164
27016.840786133907
27290.770064056967
27427.499168832994
27561.725164061085
27694.45602813697
27825.813806599457
27957.00320380916
28096.12189623942
28353.9514996421
28623.33832626949
28770.259878153523
28910.68273731991
29047.283660542234
29181.506432234986
29326.461565870384
29589.976975708814
29845.505809222363
30119.88209277877
30260.850663193058
30518.078337672086
30663.555940823728
30925.538553874998
31173.14665738709
31302.57147607472
31534.70005780139
31804.460415255875
32078.33470475328
32353.785309652507
32629.18940855138
32904.654727046276
33180.125617987214
33454.887491534915
33730.97902505697
34005.82130843047
34281.93326194997
34556.78362280245
34832.89609766117
35107.74707178554
35383.85956823516
35658.71057943761
35934.82307699191
36209.674090316206
36485.78658751337
36761.37311681749
37036.89285743714
37312.378518169964
37587.85618495465
37863.33154471084
38138.806104424984
38414.28044247915
38689.75470765695
38965.22895111396
39240.70318786617
39516.17742254776
39791.6516565984
40066.414399149195
40342.50601850316
40617.34837899595
40893.460335684176
41168.31070151435
41444.42317654053
41714.345559226575
41983.851672444194
42259.138510286815
42534.38896148873
42809.85056921446
43085.318949593464
43360.79107753867
43636.26488234728
43911.73892784732
44187.213114728555
44462.6873327998
44738.1615617984
45013.635794134505
45289.110027451825
45564.58426108511
45840.058494812314
46115.532728568825
46391.00696233434
46666.48119610249
46941.243938350184
47217.335557585095
47492.177854011694
47768.289426836374
48038.20977065376
48307.71477671878
48583.00158144488
48857.5414288491
49133.62808772615
