536.5663494243793
694.9795786712898
839.4237243540372
1223.2939957709873
1574.332426492624
1925.656684626987
2332.920491439293
2778.8107665621383
3195.9781813960067
3651.1748460691597
4070.798863213933
4424.20696157497
4848.100688065152
5287.517505042852
5817.953937524901
6296.196933340431
6701.550117857585
7103.733320634355
7305.587745306521
7685.011648255128
7917.646995051289
8371.141860158617
8566.041693708215
8704.064031452781
8896.388416726544
9291.597450273177
9532.535474669581
9583.31834162488
9678.107391886939
9853.662078763164
9972.027707256713
10070.305281991297
10490.951376550227
11063.999738230996
11592.928242729646
12072.781280491125
12584.866417095014
13122.660722534569
13639.490430111202
14187.31855523045
14709.005036361179
15129.339071558088
15671.770723338012
16206.766487774825
16750.498917866433
17219.80734717705
17733.35594690444
17878.816625076866
18202.41641738103
18244.266006768834
18360.145240852704
18841.20431345946
19452.25551710672
19596.993549162507
19793.44551879917
20233.39391849878
20639.011563391246
20823.41291616598
21317.88371140228
21562.047367652136
21927.209571718333
22068.08308288302
22116.054586140246
22166.617950624743
22358.1743147793
22603.455576215147
22774.676265326292
22839.423202380232
22875.033398066895
22919.228322370873
22938.349040843557
22947.252953589323
22947.80834514013
23065.35699083485
23169.72414443369
23334.34276616036
23853.455197370557
24037.804568282776
24092.37468044589
24553.10196552669
24776.439065052185
25413.77039765844
26100.423345958687
26756.415668625297
27399.57028971425
27712.99341807194
27863.392237307482
28061.710926041087
28173.770941791267
28408.450611573382
29008.179591619075
29406.424106579925
29399.497256618193
29478.940774321145
29527.970362929325
29663.271111986116
29684.98790229428
30012.691317090743
30131.476472795217
30155.910830057783
30321.126137724834
30352.163023542354
30477.351215302773
30949.574463885863
31451.159063547784
32144.331595079108
32507.4117072589
33019.28479651458
33390.02678148833
33924.388285593806
34433.770173170706
34850.32917043785
35501.157551594304
36084.149816299716
36573.1120719295
37182.25511709594
37688.63149608072
38129.246424910016
38593.35541754414
38992.589140267046
39276.60837879153
39467.94346194988
39905.595954489676
40118.64476900172
40204.78421732743
40345.512318722016
40483.19484031591
40937.91030263742
41177.055990429646
41618.856415139984
42008.39244577861
42136.319765338056
42217.29668772514
42265.8877571695
42316.48693316376
42373.78050676824
42392.06127360183
42449.48716576981
42548.211626090255
42709.492221699846
42738.96106613301
42792.894121509424
42786.459043898816
42840.12992104057
42836.54135901191
42910.04725149921
43065.13687538474
43262.01655474657
43597.93124481328
43902.51591181212
44050.361179264524
44235.096396599445
44455.04780510509
44596.93764227516
44936.808845766034
45149.300936774096
45248.97690309841
45287.1223019666
45305.48722297824
45319.29039596752
45335.342621858894
45360.244972262255
45383.49933906236
45484.45213665545
45598.49514959488
45805.507142618015
45820.23505147028
45861.80131314571
45902.987769286796
45981.2750205012
46054.33090783163
46070.93142278462
46109.84277914694
46131.59708449791
46390.90597619911
46482.721423103496
46527.76578837862
46638.61507514324
46787.57749097028
46901.826900570304
46981.714202754185
47060.59474406286
47147.42193132183
47261.97691886112
47701.71369452142
47777.74994775256
47784.70831844832
47803.94830853003
47820.59303888065
47925.67385748701
48025.841679765734
48070.0538590089
48106.03990728877
48157.06291593025
48228.712733685
48316.337603147316
48429.07041318003
48541.71385378995
48606.28519695577
48753.73888409479
