82.16597795857055
82.54578046709054
82.7057170906943
81.0637346340557
81.20251366236778
76.46226640080816
77.11921742597005
74.87828680150533
75.0068698624012
74.98334277721357
73.5336148302569
73.22360260481574
73.16656288193548
73.4527316097323
72.78709340266565
72.33835032424261
72.17095333470036
72.17772829189454
72.17062313655046
72.04096464903184
71.05282813434891
71.47311394126696
70.71723342839256
67.850439312684
67.66605551099455
67.31807029379462
67.58568562510317
67.05349069922018
65.55654707799772
63.24225168990979
60.969263676197926
60.88570471000376
61.399964814401244
61.591482339004095
60.62081644004635
60.26538293615899
59.954704311235844
59.90720972363156
59.205949576706026
59.94004519107785
59.50958666483175
58.3555871204013
58.979092565602684
59.3413787933078
57.03454119839855
55.81402867835164
55.69445293535815
53.26987892904854
52.26868694910741
52.2621701972906
52.288751362171
52.234937049416985
50.22747483759913
49.83099385983373
49.80325108669459
49.65991846917155
48.49453558781252
48.44849643028248
46.45536179535795
43.07224683346069
40.8219015879473
40.728191705483546
40.564182383699595
40.40703963828127
40.25942438313182
40.20409442314387
40.24592711069793
40.148798250437835
40.16360612485896
40.147808649368805
40.04985595678552
39.80324925503436
38.79612450698436
38.78239239751168
36.132180037364904
35.877736181643016
36.10312499968536
35.80964589052599
35.79914799680204
35.793602040450445
35.65411382020973
37.1588269122057
39.55189808573806
32.95230589023857
33.09303081702124
33.30981892745149
33.12472582084477
33.18585905552422
32.712392440548705
33.102257210238974
33.187068611708725
31.749744856663625
29.01259236984454
29.04244121439547
29.042486617444006
28.758828526639803
28.832019393993875
28.849993889173053
24.33355392075389
24.246380660131134
24.281655934825203
24.3602849481143
24.47301075764277
24.32373013094194
23.98267971838131
23.60824276102163
20.926172605828253
21.55565034356324
22.090127889728993
22.20868963064661
22.23273410100292
22.11015008068712
22.074975915725908
22.77438173755255
22.54838866594335
20.718314217434717
20.468015477209494
20.082121098807168
19.936379188167066
19.95349040004402
18.245322042187624
18.1809913174536
17.594767215212737
17.607707998762997
17.945118684876817
18.00863986338381
17.307905914636645
17.07647258467071
17.14716240860333
17.029223218781258
17.041100822029204
16.976388125003407
16.798904010176248
17.097488939910285
10.917590817481296
10.966989361164597
10.975022960584711
10.65429980521207
10.27440220147161
10.205698912293276
10.174109349764224
10.17360166353328
9.004825362672523
8.97817146007471
8.97945753849575
8.979110852628182
9.015386053373323
9.01497363096444
9.62397176860898
8.847562323961359
8.780045619515247
8.693920279841622
8.525126616838705
8.489202235007834
8.526075888092592
8.28495904925692
8.288367006672678
8.290780786291531
8.04861648431195
7.43299842037021
7.0690002413656465
6.941208762628858
6.930382681201673
6.730892947203916
6.12483751169058
6.119875566153801
6.075047247054186
6.070677791747693
6.098960807501668
6.059005325821475
5.999546889613369
5.948868548502795
5.9522210093102865
5.926949258136889
5.876722994750488
5.877150774317521
5.87694414506102
5.859873059758802
5.8557628892390365
5.821677119655094
5.830521167282176
5.816310541595011
5.798687757899043
5.787910955448963
5.8032394707070525
5.435282353392779
5.360088785388456
5.283279866805007
4.99246360275479
4.998582698319634
4.998900906935874
4.3132216092739455
4.210370867815453
4.125477050820788
4.122729619236931
4.125788836687998
4.136702665576104
4.172442282379353
4.071773739377023
4.044299487109827
