-23.843508546680223
-48.59132996158463
-70.24118637922273
-112.60515842349109
-161.27551327122686
-195.9073142232802
-216.4022725840244
-214.86328652032304
-216.2191807252691
-228.8654431393231
-242.49990289552287
-261.5626332526527
-270.06541949730564
-263.0890502011746
-250.3028520412494
-213.00237498046812
-191.9065966056002
-181.44446695137057
-191.25285798420632
-231.62094675248622
-251.8489084678739
-267.1816071909439
-285.61816748219627
-260.96244825795605
-211.1903236219562
-176.86850443462586
-163.22530887133067
-147.87031843734923
-139.6142907097531
-139.89280376478388
-149.21927552648248
-147.67676503717323
-143.90373692808876
-141.2239559833159
-148.0416911455301
-162.4363310220104
-183.51237390727533
-205.5572607026059
-212.57446729857497
-208.94408883338718
-211.75910909363336
-226.47121647076037
-224.60611315979375
-220.58858114046535
-229.19942018171616
-230.92378193828887
-218.50036336631092
-198.00562180110754
-190.6997379355538
-234.6145444505283
-283.3818060089138
-304.8687384806847
-317.43528439277424
-341.88770393187167
-359.5678182853771
-349.7793293773921
-344.1210024781993
-361.11017002944186
-390.0997637033705
-418.7755461158159
-431.57320711508476
-414.43334538064147
-406.76443185344175
-425.805622090026
-431.2923311103232
-431.4697171648394
-448.33309488370685
-441.4771962432263
-453.45321565213527
-465.0497526242556
-478.5920579722284
-517.9717798634292
-513.1005379996885
-486.6897237822386
-469.8566499153823
-474.0796873243193
-499.9640251321188
-522.1400328359007
-523.6302637816293
-524.9552318603862
-514.1162883953576
-503.94994636631924
-486.7739582439373
-452.2544808549283
-437.18820947721645
-427.62696445137055
-393.13803837851026
-375.307663750298
-399.8018369706232
-438.1664879486065
-462.2181235289392
-502.9823520704714
-530.7361829301726
-554.543160133496
-584.5054834474814
-617.261451887188
-631.972936437728
-629.5057839047192
-629.162891581211
-641.8775449556459
-630.998656390744
-630.061908536049
-666.6695718803347
-681.1196604503613
-661.9269427598686
-640.3122497542067
-617.0877404284474
-606.0952834865187
-623.5282643065733
-622.1051384307432
-638.9844824848899
-645.6915850707105
-666.6905703322209
-667.6742294372465
-675.0642254036393
-689.2693606866981
-689.9093212747135
-669.1922561280181
-658.3345535258309
-663.9093827252233
-675.3522113436006
-682.4244423125149
-686.4237904796271
-690.5585855463626
-688.9064166371668
-690.2805947998021
-709.4246740351966
-720.244892671056
-707.3519506322813
-706.3911988359299
-730.9519801411948
-734.8894843130332
-682.0204170308618
-650.9845580546861
-645.2371106818127
-641.7622579760092
-633.1418135759567
-613.2795584900704
-597.788814491987
-586.5560012308092
-576.2572903163397
-587.1492317474354
-594.4493528090279
-572.6929238574909
-559.893947176815
-594.3906695527505
-636.1464888924555
-646.9740744491696
-637.3027548867785
-611.2865144493721
-591.6265899253982
-598.5035128881652
-608.7650541720906
-603.884025034861
-610.4417876736936
-635.4968400048408
-655.0402118929962
-662.190377143316
-658.2578610795554
-659.5054824148971
-676.0636512814501
-693.100444683069
-694.7255648973561
-689.248620305187
-678.4986739015092
-688.9105725611464
-692.8475197629292
-696.8295715821748
-709.4558907752628
-714.8109706083495
-713.3422303199333
-709.2936386341163
-712.3520346943371
-729.2386668735595
-758.4694395145474
-774.9763377143082
-779.8907641084174
-791.7208654991094
-793.8794384000719
-763.6455934067963
-734.6486183332598
-733.4172413141735
-725.1979969967762
-706.2926755416021
-701.1709170302856
-676.1794565799103
-706.000885087901
-740.3007296918852
-760.4620257634085
-750.8296261501912
-729.238644786034
-704.9469032933249
-692.5880629325409
-691.3003770307181
-691.9775703683748
-724.5981561076205
-750.3962887453599
-775.9355029602674
-812.1355346336591
-829.7871884018668
